train/0008_0119_JPG.rf.84af9a21b54324cc716e81c773c619f5.jpg 131,66,291,264,0
train/0013_0099_JPG.rf.435fdf9e0408fc02d6de0179129e4d6b.jpg 78,138,342,299,1
train/0013_0196_JPG.rf.b5df3cefd08bacd3a0dacf3eb00c486a.jpg 113,178,271,309,1
train/0008_0117_JPG.rf.1767d0d85f6155fc838905d0ab46b6c3.jpg 128,114,299,260,0
train/0008_0057_JPG.rf.296eac8b74d0b1801ba2314030ec0d61.jpg 95,139,366,367,0
train/0008_0137_JPG.rf.435bf4e8f7ffb22bf68738935954d709.jpg 81,159,317,335,0
train/0008_0012_JPG.rf.76353324dfa63de2f3f666e585e13348.jpg 109,146,320,369,0
train/0008_0117_JPG.rf.eac2361b51229b10b133c5fb26f3bbc1.jpg 125,121,311,259,0
train/0013_0122_JPG.rf.4453d13b1f3eb5a99511424869bb6af3.jpg 101,184,353,316,1
train/0013_0151_JPG.rf.adcef9ea616979bcb0381138ed9e94b3.jpg 0,146,388,355,1
train/0013_0054_JPG.rf.911f79325313354a1a75e5f03f851b42.jpg 143,198,258,279,1
train/0008_0064_JPG.rf.20ca0120e91354865a52c811e99c4c8e.jpg 70,84,333,276,0
train/0008_0079_JPG.rf.ec7019caff511966d3f7023c0381d987.jpg 91,170,329,330,0
train/0013_0102_JPG.rf.ff25f922107895db0bee223b3747cb29.jpg 61,144,384,294,1
train/0008_0010_JPG.rf.1e6fe20a4457a6e10c655b1339d42660.jpg 139,170,295,308,0
train/0013_0162_JPG.rf.600b5548ee64ec466a2882b97902a6de.jpg 45,92,407,288,1
train/0008_0112_JPG.rf.0af647be33c2437c663ada1be95e6bdc.jpg 96,129,333,334,0
train/0008_0125_JPG.rf.4c9f8368d6603ac19eaff6f18a1695bb.jpg 115,120,292,389,0
train/0008_0116_JPG.rf.eb0dd0d8e7019419b0f578104b7421f1.jpg 140,96,272,231,0
train/0013_0021_JPG.rf.854b98e4efc9853ae74f643793101e1c.jpg 56,189,356,338,1
train/0008_0141_JPG.rf.321d42fedd363acc119bd9a50eff62d8.jpg 81,194,284,330,0
train/0013_0144_JPG.rf.d8603236ec7b9a92b9ace12a153b0211.jpg 248,195,267,220,1 84,126,324,353,1
train/0008_0048_JPG.rf.a0ad8ffde3383c1b2b1829b61fcf01b2.jpg 114,173,304,325,0
train/0013_0061_JPG.rf.595eaac559fc2df9f445ed4010bfdb67.jpg 83,188,342,312,1
train/0013_0124_JPG.rf.d2099c5deab5280404985701f741dbc3.jpg 119,175,331,314,1
train/0008_0030_JPG.rf.7955d3498384bf2678acdd484d62789b.jpg 118,156,299,328,0
train/0008_0052_JPG.rf.7b73d6e293a04da4cae5dba35263af92.jpg 71,103,277,253,0
train/0008_0065_JPG.rf.acd506c9fd7dd0cb41477f5cdac5ad63.jpg 153,78,320,224,0
train/0008_0143_JPG.rf.6ea7a5483d94e1789b1cba435b704de8.jpg 162,194,279,297,0
train/0008_0101_JPG.rf.745f09dd6c79d93ccabecdbafa928f8b.jpg 108,118,301,364,0
train/0008_0018_JPG.rf.4ac7015c9ef1d33f5043202caf879c7f.jpg 107,159,330,339,0
train/0013_0142_JPG.rf.ab3473d49e21f01eaa8ccf1a37932cbd.jpg 53,118,394,348,1
train/0013_0102_JPG.rf.d08347c99707fa07bb3b428d8a8c078b.jpg 57,152,379,304,1
train/0008_0032_JPG.rf.0990e73dbe69d415a9c11c9202fe50c8.jpg 84,149,319,334,0
train/0013_0146_JPG.rf.4d5715e2aa16dc6a157778f20a4b9402.jpg 10,137,389,348,1
train/0008_0053_JPG.rf.d017999ed6569825d87c4597a3d1e0c4.jpg 85,140,379,371,0
train/0013_0230_JPG.rf.5110277ba20f7637d0f955df224c28e6.jpg 69,116,308,234,1
train/0008_0110_JPG.rf.cd164587c3465ffa5258ffe023b50ef0.jpg 134,194,291,318,0
train/0013_0087_JPG.rf.2705da1fd47af0ccb5c83f0553d1c450.jpg 104,171,278,270,1
train/0008_0072_JPG.rf.57469f9da68b607cf3b1f35b07f7ea5f.jpg 93,109,331,309,0
train/0008_0018_JPG.rf.8af9cffd1f823b0b9ae2297fe7f2a842.jpg 110,152,311,345,0
train/0013_0166_JPG.rf.423ea58235a4b8d3c95ee41782165fc3.jpg 105,120,304,255,1
train/0008_0100_JPG.rf.57f2f30f9d0611323126597131e3e7df.jpg 103,162,292,341,0
train/0013_0158_JPG.rf.7b8f344801e7ccd5a941baa1505862d9.jpg 56,119,313,309,1
train/0013_0188_JPG.rf.6adee88b1385bd018a120aae1a9b18d5.jpg 24,142,370,348,1
train/0008_0096_JPG.rf.24a4bb2fe2ed238a1e5ce8621cf776ef.jpg 146,195,294,299,0
train/0008_0023_JPG.rf.f1bb9c71e2dc5478ee77fe7ff35ce1ef.jpg 145,202,270,302,0
train/0008_0031_JPG.rf.312a8bd26d5ef3cd7f9ccb46730c852d.jpg 103,178,293,303,0
train/0013_0100_JPG.rf.3be57e8085c9814ac5e953eddce2e19c.jpg 78,84,341,273,1
train/0008_0134_JPG.rf.24b161e1a11906a4df20e990970767ca.jpg 145,130,281,367,0
train/0013_0193_JPG.rf.c97516ff5d5417dc49aade94c0db647b.jpg 155,204,278,265,1
train/0013_0038_JPG.rf.427982761866b92f7f7b9a4dff4ab0c2.jpg 66,168,374,314,1
train/0013_0051_JPG.rf.25121c3fbc8af09e80893b73cc51a371.jpg 71,147,348,359,1
train/0013_0002_JPG.rf.9cbddc14a0fd425077d39ab6be68528b.jpg 48,167,332,332,0
train/0013_0132_JPG.rf.bb64194aa5f55787d9e39052d992bdb6.jpg 47,163,344,282,1
train/0013_0094_JPG.rf.d2d7011ec4de580f5c0cdbd30a7a1cfe.jpg 93,183,312,304,1
train/0008_0081_JPG.rf.6695de30af2b4097d77a878b36ff5231.jpg 53,141,360,331,0
train/0013_0096_JPG.rf.cd0efc9f4d4c6f066aadf3409aa2736e.jpg 108,177,299,320,1
train/0008_0115_JPG.rf.f8c1244afc474695fdc69434b1a805ef.jpg 107,153,306,347,0
train/0013_0049_JPG.rf.cf2817ebb3eccd07b7591c5a35e843de.jpg 64,129,293,372,1
train/0013_0064_JPG.rf.2c131c60d2ca48723b8e969301c4431a.jpg 105,168,328,308,1
train/0013_0127_JPG.rf.33ddae549d8e39dac88e3ef534822282.jpg 96,202,317,303,1
train/0013_0089_JPG.rf.ebe1d5eb1b76f61154330de094780559.jpg 122,174,317,288,1
train/0008_0056_JPG.rf.bbf5de32726b9180dda3c9ef28cdedbd.jpg 169,167,317,273,0
train/0013_0094_JPG.rf.c2f1f3fb1e6685804f7c836b14ed828c.jpg 100,180,314,302,1
train/0013_0114_JPG.rf.8cc0fb177d033a70503e493f00e6dfc8.jpg 102,125,326,268,1
train/0008_0113_JPG.rf.49950ec660b12c4042f8963a0b107264.jpg 101,139,282,284,0
train/0008_0057_JPG.rf.16128cd27a7b8bdb74e60138cc3682d5.jpg 97,139,366,369,0
train/0013_0206_JPG.rf.2412674a0fc43c69a8640123cf0953d2.jpg 119,128,330,284,1
train/0013_0049_JPG.rf.c2f3b266c449485674531310b1738c70.jpg 36,138,300,347,1
train/0008_0114_JPG.rf.9f650b60eebafde53a1e74ad5db2ace6.jpg 130,67,274,252,0
train/0013_0139_JPG.rf.4d7875c5a8346f525d0d1ba41013025c.jpg 28,124,370,388,1
train/0008_0071_JPG.rf.d677c24667799bbcae38313b1650aba3.jpg 108,81,348,301,0
train/0013_0175_JPG.rf.67cd1504737e6af1b19a45c7ebb23d50.jpg 85,165,297,293,1
train/0008_0148_JPG.rf.f27ffe07f32170b4784aaceab78b686b.jpg 128,161,289,326,0
train/0013_0156_JPG.rf.1c7521bbce6e56bfe7c2197797c3292e.jpg 108,158,353,286,1
train/0013_0141_JPG.rf.10681741b96f42bbdf68f9799fee6150.jpg 33,161,368,333,1
train/0013_0010_JPG.rf.eeb106b167901c2149845ada378e4828.jpg 119,213,328,297,1
train/0013_0129_JPG.rf.fdab3b11c7dfec61dd1f8c4c5fcc4ddc.jpg 124,209,322,296,1
train/0013_0042_JPG.rf.7faae4e8bedb6a09118fde529bafce69.jpg 77,143,304,322,1
train/0008_0123_JPG.rf.123e0e6de08bfc3b995d39343ca393d7.jpg 98,169,315,359,0
train/0008_0009_JPG.rf.665715c66f78653111ba2de59498d61b.jpg 120,145,309,355,0
train/0008_0119_JPG.rf.98b2cb44824dd8a3c36e2f81efc352ca.jpg 149,59,288,267,0
train/0013_0224_JPG.rf.3da7ebeb76b875c9dc211a8b969ce609.jpg 130,183,269,308,1
train/0008_0088_JPG.rf.37ad9b72a82d2488013adfb2a0dc48d2.jpg 122,135,317,360,0
train/0008_0011_JPG.rf.ac0280d81ef0d7ee0aee1ccbf07360ee.jpg 100,150,304,344,0
train/0008_0031_JPG.rf.f9dcc68e5872878bc6168ca54ee2089a.jpg 108,175,294,306,0
train/0013_0050_JPG.rf.2330702bca822a076da203c3c36b08aa.jpg 23,174,416,322,1
train/0013_0086_JPG.rf.2634058a354a2c00ea98a891c171e00a.jpg 107,199,282,285,1
train/0008_0134_JPG.rf.f3db751bd180f3067141517c80117e3d.jpg 123,138,281,364,0
train/0008_0114_JPG.rf.dcb4762fa0840341494c2326a9de2c74.jpg 115,70,287,244,0
train/0013_0063_JPG.rf.3c94789296d9858d21c9961fcc4a42f5.jpg 88,131,330,357,1
train/0013_0170_JPG.rf.2312bf42caac975305659e6558299332.jpg 91,129,339,248,1
train/0013_0024_JPG.rf.dfb0f85850ec386bd39d848e1f389b3e.jpg 64,165,335,321,1
train/0008_0129_JPG.rf.17d745c43139057fb61d451a37b530c6.jpg 93,140,337,372,0
train/0013_0084_JPG.rf.0c52674b3fba38b9dc7667a8c858714e.jpg 100,150,332,276,1
train/0013_0018_JPG.rf.87ad77fd0c30d5b1624111f042116a45.jpg 67,191,333,316,1
train/0013_0173_JPG.rf.103559d3297a9a650844e826cc34633d.jpg 86,122,321,233,1
train/0008_0125_JPG.rf.5e5d615c84ad63c9fc29de2ca3cb52e9.jpg 124,129,319,388,0
train/0008_0077_JPG.rf.43af9ca2ade6a1dde12e0d779df256ad.jpg 57,135,308,359,0
train/0008_0116_JPG.rf.b2bfe2a1e4a459c50e61233294c745d6.jpg 147,101,290,227,0
train/0013_0044_JPG.rf.be2ea16a904dd2af06c2a60618332abc.jpg 58,158,352,332,1
train/0013_0114_JPG.rf.57e83dd14c76e49ae88f2b83ac4bc97a.jpg 91,121,311,273,1
train/0013_0164_JPG.rf.15d906c3a6ea03029f11cd9d50e66d1c.jpg 56,155,361,337,1
train/0008_0147_JPG.rf.abc0b9c69f163245fbc3b1cec607fd25.jpg 115,160,278,323,0
train/0013_0197_JPG.rf.a75bff8f7e4d32cfaabf4de7d804bbb9.jpg 101,167,324,285,1
train/0013_0141_JPG.rf.d939816c05d334e73611dece6650edb8.jpg 47,161,382,333,1
train/0008_0127_JPG.rf.ba486b50d2e768ca087fd7c0577eb1af.jpg 116,172,300,323,0
train/0008_0066_JPG.rf.522a87c7375a5706f8c2226e18ad33be.jpg 79,48,270,220,0
train/0013_0003_JPG.rf.bed1c8e7663ac563800595476e4b8e1a.jpg 119,201,321,301,1
train/0008_0128_JPG.rf.2946f3c057bb235b57945074162b2087.jpg 121,153,278,360,0
train/0013_0068_JPG.rf.17429883d488ca3889102c426fa89c20.jpg 65,176,339,337,1
train/0013_0012_JPG.rf.4eef5f5fc5f370ca282180575acc15a2.jpg 167,49,257,398,1 0,0,416,416,1
train/0008_0059_JPG.rf.5b353baf7766090d33357cc20f735d74.jpg 79,74,271,248,0
train/0013_0170_JPG.rf.9acd8fb4a604c12d5d4a02cf236d8f1e.jpg 95,126,340,251,1
train/0013_0177_JPG.rf.439df1b9bb067628b5229001dfbdd743.jpg 131,160,320,278,1
train/0013_0055_JPG.rf.c5cc72b2fa9822b0551940aadea82d8b.jpg 86,141,324,330,1
train/0008_0043_JPG.rf.62588c969ee8555050c0c61a910f1020.jpg 157,158,269,332,0
train/0008_0023_JPG.rf.9305fd8226cacba3cf63f53a8dce610c.jpg 162,196,277,303,0
train/0013_0138_JPG.rf.77f95e553936fa9ab574640d64eb12ad.jpg 18,138,396,340,1
train/0008_0097_JPG.rf.7624f0d55fd0bd847b966a4037006226.jpg 88,157,303,316,0
train/0013_0147_JPG.rf.9066362db26bdb59e7b306dba50baef1.jpg 23,158,387,355,1
train/0008_0074_JPG.rf.8deac3722aa947ca59a8d6e25143621d.jpg 90,112,305,325,0
train/0008_0037_JPG.rf.b86cb9ae22ac2549295c9006915d85c6.jpg 115,137,293,347,0
train/0008_0016_JPG.rf.88746c20bb14fd98e879938a98292aad.jpg 80,138,393,356,0
train/0008_0138_JPG.rf.8c9b3c04e9bd8694fdbd612149dabf7f.jpg 136,190,271,324,0
train/0013_0207_JPG.rf.0697d1f869802a8009b7a15f9698d204.jpg 105,137,352,283,1
train/0008_0080_JPG.rf.d6790267b8ade1713dddd62853a87f0c.jpg 84,148,332,320,0
train/0013_0104_JPG.rf.c43249d72f15645baf72b53aafa67eea.jpg 82,212,290,314,1
train/0013_0163_JPG.rf.4f66624b1d5e5832450f4d7092f64515.jpg 61,139,352,339,1
train/0013_0170_JPG.rf.49b8dd11a61d839a8041631e86714559.jpg 81,131,326,248,1
train/0013_0128_JPG.rf.1a717465e38c305050f4473c98fb5548.jpg 37,160,379,322,1
train/0013_0113_JPG.rf.c9583b1da2bffb6da2f054acbd0008b3.jpg 126,190,273,265,1
train/0013_0171_JPG.rf.209e4857973b9cc4d612b3bd195b7d44.jpg 98,113,293,257,1
train/0013_0114_JPG.rf.61e7a973e046ff6e1f04fbd7575ae3a7.jpg 101,127,327,266,1
train/0013_0142_JPG.rf.984329c786a1d9e581da4da8ea0ca72c.jpg 20,120,363,348,1
train/0013_0136_JPG.rf.9b0a10e172020ff70ac8f0365ae0fa28.jpg 64,127,356,339,1
train/0013_0038_JPG.rf.815c547395de7c785ba98c7b64bffc03.jpg 62,158,350,322,1
train/0008_0053_JPG.rf.b05e84046f281103b74fa6225d9b356a.jpg 46,139,339,366,0
train/0013_0014_JPG.rf.d8e60ed0ae7bb3d6d8e49950f36bd18f.jpg 114,152,316,357,1
train/0008_0147_JPG.rf.aa7976108db6b55e0df8b07b436e1f44.jpg 143,154,297,325,0
train/0008_0097_JPG.rf.01d11af1a0e38089a6af0c8a9661fa44.jpg 114,160,332,319,0
train/0013_0183_JPG.rf.6e28ba7b72622144ce821384daf1746b.jpg 34,152,385,358,1
train/0008_0073_JPG.rf.ab7d7c809b26b4aed94293c02c6f81a5.jpg 74,70,344,312,0
train/0013_0064_JPG.rf.a9c891745b19816e88778abf3154ad17.jpg 100,175,330,306,1
train/0008_0092_JPG.rf.161f16005747452d64aaafad59a22865.jpg 125,181,293,304,0
train/0013_0019_JPG.rf.03751ea7a9ffb2fda9f7af470a9d2323.jpg 97,191,284,329,1
train/0013_0052_JPG.rf.026c9551b735e192725feff824131d51.jpg 97,170,310,337,1
train/0013_0009_JPG.rf.37294c211b56bdb7433518fbd299df26.jpg 68,150,359,344,1
train/0013_0025_JPG.rf.fd0279efe3aad90c427877f6a0f93253.jpg 120,118,287,258,1
train/0008_0141_JPG.rf.a6a9047dfa920c283b987b3d5722b44a.jpg 131,194,339,326,0
train/0008_0022_JPG.rf.147c4fbb7236da4d8bfc503d34130c6e.jpg 155,183,264,289,0
train/0008_0134_JPG.rf.f36f0803bfa68f55ef85c42ce241fe2c.jpg 149,123,270,369,0
train/0013_0103_JPG.rf.635ca08bbaac230ce767db3b28c8c24e.jpg 113,201,342,323,1
train/0008_0135_JPG.rf.af4ca396bce418d71fed574b20b52d54.jpg 113,177,285,306,0
train/0013_0014_JPG.rf.6d11705bdc0e66946a284fb712cd94fb.jpg 93,167,321,347,1
train/0013_0182_JPG.rf.8d1a927946513c61fb69813e62cf400c.jpg 100,172,307,325,1
train/0013_0187_JPG.rf.17695531a5f9f9abf4a789a61819596a.jpg 81,195,335,337,1
train/0013_0115_JPG.rf.595fa4b9fa5667c4e4b602d82fb2d208.jpg 78,125,330,278,1
train/0013_0182_JPG.rf.db67dba0742326f3695dd4b79227d09c.jpg 107,176,329,316,1
train/0008_0144_JPG.rf.8764ab6bd468ac17833d91fc747c5929.jpg 109,167,294,321,0
train/0008_0118_JPG.rf.e238e7c94dd1e11a4f57977feea02cb2.jpg 143,111,300,379,0
train/0008_0090_JPG.rf.e7c87838df3c695505495a6b19034365.jpg 62,134,319,344,0
train/0013_0121_JPG.rf.bdf110a3521ad110789e3dad33ea3c48.jpg 78,161,322,291,1
train/0013_0230_JPG.rf.5cb428e7b78d0bb8da0447d1b24b0e1f.jpg 121,93,313,265,1
train/0008_0024_JPG.rf.bb26f657d19de5f4f5e78a4418777f27.jpg 119,174,293,315,0
train/0008_0132_JPG.rf.2addb24497a6bb0cfb3b68edd993208f.jpg 88,122,322,357,0
train/0013_0122_JPG.rf.354a0a11f0c5ff13f9cf2196171e3454.jpg 62,185,314,315,1
train/0008_0146_JPG.rf.0408055bb55351c5b6063e75f84ca230.jpg 141,163,283,333,0
train/0008_0040_JPG.rf.fcee67e5f5fb8b74863a752f11a2def1.jpg 97,175,299,313,0
train/0013_0024_JPG.rf.2e1493d505d06d6651909e0bb9564e4c.jpg 73,159,333,328,1
train/0008_0033_JPG.rf.d32018abe8c924fcf316da2f7e0292b7.jpg 54,148,325,369,0
train/0013_0218_JPG.rf.1832058d9da964dcf398ff77550d5ca1.jpg 118,212,345,312,1
train/0008_0094_JPG.rf.ffd64c31358b7649fa6ff39e2bf08ad4.jpg 103,169,313,313,0
train/0013_0019_JPG.rf.81ba25117b8682fa9e30a8491587b40c.jpg 118,190,287,353,1
train/0008_0118_JPG.rf.2b578b5bf86a2624ed23fd3f1b8d671b.jpg 115,111,272,379,0
train/0013_0228_JPG.rf.9df09c37397b4cb897ae15d5e62aceff.jpg 126,136,319,257,1
train/0008_0056_JPG.rf.16c0711b57fd43b0a73d70ffe68af471.jpg 100,171,251,278,0
train/0013_0081_JPG.rf.6e072ecfcaf09ebc39c04ac253a41b9e.jpg 85,138,326,256,1
train/0008_0110_JPG.rf.378ee66211d499274c792aa995a8c418.jpg 124,193,282,318,0
train/0008_0030_JPG.rf.8442d7bf0ab74828b68af95e010b996e.jpg 104,160,297,325,0
train/0013_0201_JPG.rf.303590c7a079fa5aa8f202e09951277c.jpg 66,162,315,288,1
train/0008_0038_JPG.rf.4002bde49fe4815573123593add7937a.jpg 112,116,318,344,0
train/0008_0055_JPG.rf.7c29c4e2fffc5ad43e6071d63724b3e1.jpg 84,163,335,331,0
train/0013_0120_JPG.rf.937c0723f26da1e371823cd9206af43d.jpg 38,124,382,303,1
train/0008_0062_JPG.rf.5250fda5107ed3acad50e87c05aee812.jpg 142,75,290,261,0
train/0008_0115_JPG.rf.5347272020718a3b3c5bd7e82a3168cd.jpg 124,143,301,354,0
train/0013_0173_JPG.rf.901a0505a0da3aad04292b9fa9c6773e.jpg 92,119,327,233,1
train/0008_0086_JPG.rf.af5ae87379175ad6baa69a5c6d42c5b7.jpg 108,130,313,356,0
train/0013_0001_JPG.rf.6a852da55c3971aed462b83f73dd9251.jpg 27,123,391,297,0
train/0013_0111_JPG.rf.faf26098f26844f64ac479b0055c80c6.jpg 119,168,314,313,1
train/0013_0209_JPG.rf.b34e60a374a0c368d2aaeddee674b5a5.jpg 122,134,323,288,1
train/0013_0118_JPG.rf.53e923ac2c14ab1218280a77ada958f7.jpg 127,160,288,336,1
train/0013_0162_JPG.rf.4a9152dbe7473fc8f6bed667d449cbf9.jpg 47,94,408,292,1
train/0013_0121_JPG.rf.4436eac2ec9eab1355cf4d76b37dde71.jpg 91,151,319,301,1
train/0013_0101_JPG.rf.7c3d36d0feeaaaaa09a9b86c9e650c5d.jpg 103,122,325,243,1
train/0013_0201_JPG.rf.f8196f1ce6b26ff8031d0e4cc88b22b1.jpg 100,160,344,293,1
train/0013_0208_JPG.rf.f172991425056f290dd59685b56e2cd8.jpg 146,126,345,251,1
train/0013_0112_JPG.rf.fc34d506428b2b342e1ec3a288229074.jpg 128,145,320,250,1
train/0008_0039_JPG.rf.5659de99911948c4c6e6b638aba82e83.jpg 90,148,341,360,0
train/0008_0069_JPG.rf.bb9b7f088d83b7a295e6f2d5d3817725.jpg 138,117,280,227,0
train/0008_0038_JPG.rf.dff1d85e6aca5c399ad45b5418dd308d.jpg 114,113,301,351,0
train/0013_0142_JPG.rf.b9bd50fd038e2db92ded66321954dba6.jpg 6,142,367,342,1
train/0013_0019_JPG.rf.77ce2a374790eda0ef0fbbba9eda7ffd.jpg 97,191,284,329,1
train/0008_0095_JPG.rf.e153a8640b3762906f8224b2bb842c36.jpg 140,184,277,308,0
train/0013_0062_JPG.rf.91d9a925c44d1f8837c210993356954f.jpg 125,190,281,316,1
train/0013_0189_JPG.rf.3953811ffcf5221dae8e93d4778c8197.jpg 96,138,346,281,1
train/0008_0125_JPG.rf.b4c02cc7aa02a0ba28e3408a135821cc.jpg 101,127,291,388,0
train/0008_0069_JPG.rf.e734054b9ad0c12141bf16396d23c99b.jpg 127,124,269,241,0
train/0013_0080_JPG.rf.336da4305013f725f03f86ccf91e20d5.jpg 76,150,375,318,1
train/0008_0099_JPG.rf.d4c47b7d3237498f46ed9d5ab899879d.jpg 102,163,302,316,0
train/0013_0206_JPG.rf.d048e4059344d7e2f5ede5745979005c.jpg 106,141,343,264,1
train/0008_0025_JPG.rf.ebd29c9b9afbc7b0c3ecd8b57993795b.jpg 141,193,300,302,0
train/0008_0121_JPG.rf.5758238bbbf6e254992ee8a5c6af5f94.jpg 95,89,340,292,0
train/0008_0111_JPG.rf.b231255b351247746976e728f8a85f58.jpg 155,201,283,297,0
train/0008_0109_JPG.rf.08f5fd7e6c7f274e3b385f25a03e180e.jpg 134,165,272,324,0
train/0013_0193_JPG.rf.d8f7ccd13ce35e1c2d6e662c3045286e.jpg 163,200,285,261,1
train/0013_0212_JPG.rf.15e515f86d31353989d1ec0820faa087.jpg 72,127,349,263,1
train/0013_0219_JPG.rf.aed93a269cc9e7c8aa85062cbea3bf42.jpg 96,185,335,307,1
train/0013_0104_JPG.rf.879852efc8587aaa1b4ef79506a5e5df.jpg 82,212,290,315,1
train/0008_0017_JPG.rf.184d1cabbfb5fe5b32bbc1185ba96148.jpg 115,155,300,319,0
train/0013_0131_JPG.rf.caa0514b51efc44200a21519aa52e0f2.jpg 22,166,347,332,1
train/0008_0061_JPG.rf.d51e3e4a262243999cd897073f30859b.jpg 113,94,320,243,0
train/0013_0020_JPG.rf.5a58baa9de3600151c9538badb228a48.jpg 100,197,306,301,1
train/0013_0189_JPG.rf.c40a0bd064dca74673349d17d32dd8fc.jpg 93,142,345,276,1
train/0013_0182_JPG.rf.d9bcdae60dc849c36653bfad4914f78f.jpg 110,170,304,333,1
train/0013_0192_JPG.rf.ca503e7190881546d928bebd35a3f231.jpg 104,223,295,320,1
train/0008_0016_JPG.rf.d497936a6916ec082c390d9307b741e1.jpg 42,136,334,365,0
train/0013_0086_JPG.rf.fc88977a574143325288f84afba59560.jpg 110,202,285,288,1
train/0013_0079_JPG.rf.7fa7ba9c9203c443eafab210bd2bc39e.jpg 36,157,358,312,1
train/0008_0093_JPG.rf.3bc6a93d7544708edd8def69050a7885.jpg 127,189,280,303,0
train/0008_0095_JPG.rf.25f719b78d3bcb44623e79278adf7bd1.jpg 141,184,277,308,0
train/0013_0061_JPG.rf.7abf501c606dde5385928cb4a76a19f3.jpg 64,191,322,308,1
train/0013_0153_JPG.rf.f096102c22df1933da29b57a0fa24c87.jpg 46,147,326,336,1
train/0008_0063_JPG.rf.71358d6dc5f251467ad49ad1fd8b715f.jpg 126,109,323,327,0
train/0013_0046_JPG.rf.761e24dc67f61903e338aeda6d22898d.jpg 90,180,309,307,1
train/0013_0104_JPG.rf.55e3484aa7c02930adbe6838fa9733e9.jpg 140,203,341,303,1
train/0008_0036_JPG.rf.8e931933ed9a621a601929f324a8a7ea.jpg 95,150,304,333,0
train/0008_0121_JPG.rf.c653b97a4af98c39c05b6c5904afc0d5.jpg 97,95,341,301,0
train/0013_0017_JPG.rf.ba44f08c5d79d1a63f1628822be063ac.jpg 94,157,310,335,1
train/0013_0109_JPG.rf.b6f72f793e09c56d9b5c8edc8def2433.jpg 159,88,309,259,1
train/0008_0078_JPG.rf.b849868da1b1ef401380e7c2c401d98f.jpg 103,157,290,313,0
train/0013_0100_JPG.rf.d07b9f8e12cd307e8d90434f08dafcde.jpg 66,93,341,271,1
train/0013_0165_JPG.rf.93af9beffb455dc4cbdd2a32e6dd217e.jpg 57,152,355,347,1
train/0008_0051_JPG.rf.ee5f41a8accd321b2f23c431cbd36857.jpg 129,110,318,265,0
train/0013_0090_JPG.rf.4d015eb85335d70dca88176da6464951.jpg 79,182,286,297,1
train/0013_0023_JPG.rf.d659238c1044bef49ffd0a4ff24c51e5.jpg 87,151,306,356,1
train/0013_0070_JPG.rf.db15bc6bad6402c1827a38ccd7b3561d.jpg 26,142,394,328,1
train/0013_0172_JPG.rf.1962d7990bb5fae08382d49a2391b858.jpg 96,152,328,269,1
train/0013_0091_JPG.rf.90d5fc0f598e88157ab4f34715dd8e86.jpg 102,118,330,250,1
train/0008_0108_JPG.rf.715d53def16c71b0f78937891d60bcb9.jpg 115,167,300,333,0
train/0013_0139_JPG.rf.798f779ce52caf0117cd075088a898b7.jpg 20,136,395,367,1
train/0008_0072_JPG.rf.e82364ab3b31ff3d71eed056182d9156.jpg 96,108,330,311,0
train/0013_0025_JPG.rf.563e386a6a49e2027ee97235e0a87ba4.jpg 121,122,305,240,1
train/0008_0059_JPG.rf.4a117098673a4de32aa4d5db65ae4f19.jpg 86,69,272,248,0
train/0013_0160_JPG.rf.a3b4178e1d6fa358ca8bc7ee77a72656.jpg 1,132,330,278,1
train/0008_0091_JPG.rf.515ffbf60eee362e09370f28b06ebee2.jpg 78,114,340,364,0
train/0008_0084_JPG.rf.a97011dcb66579f0295e6221a8367bd4.jpg 113,192,273,311,0
train/0013_0146_JPG.rf.ace16504f824867d5ce54fa8322fb934.jpg 2,146,391,336,1
train/0013_0203_JPG.rf.3b9ce6f4b5781e5351b84f5b3dba2b13.jpg 73,130,310,311,1
train/0008_0070_JPG.rf.1f7d0c8423213e69b8ae5d118cf9fadf.jpg 65,34,310,250,0
train/0013_0055_JPG.rf.6dc241385833386b9b63711220a14642.jpg 88,136,316,334,1
train/0008_0064_JPG.rf.caca02ddc6ebe8cd7b2d72d1cfbf8525.jpg 68,85,339,270,0
train/0013_0107_JPG.rf.6640726d50128b7fd05f73f590be6d1b.jpg 78,164,326,295,1
train/0008_0142_JPG.rf.64a889a29d4d4161ea31f3b7caf24a48.jpg 93,134,322,361,0
train/0008_0085_JPG.rf.1fda68a68aeec27bbb6749c01fb31c68.jpg 105,154,301,338,0
train/0013_0041_JPG.rf.a9bb56e20394e386ac8ed05a75b8bef9.jpg 54,189,345,320,1
train/0013_0033_JPG.rf.0e46f1922e5b3e5b6082c90955c6c569.jpg 89,169,316,306,1
train/0013_0115_JPG.rf.c5d8de3cf71e16937a03db1b1bfd1350.jpg 83,127,339,276,1
train/0008_0017_JPG.rf.9047e0345c9e1e429dd20650bf8d96a5.jpg 115,155,300,319,0
train/0008_0020_JPG.rf.164bb6dc24fa05fe200acc9d7bc42aee.jpg 118,136,313,343,0
train/0013_0029_JPG.rf.063822cf53b04e8bb329a49886b53ec9.jpg 79,188,305,333,1
train/0013_0215_JPG.rf.45d4d976509219b5fb59a9d474d8d90f.jpg 87,211,301,317,1
train/0013_0159_JPG.rf.87ce996350fef4b6a10c5409910dd7c5.jpg 49,140,332,286,1
train/0013_0218_JPG.rf.e4e65009a6afbc7b537d1f5ab6cb3c68.jpg 62,210,289,308,1
train/0008_0036_JPG.rf.e54bfe45ccb0f0addfa9a2aa86de72f4.jpg 112,142,300,339,0
train/0008_0021_JPG.rf.5327af141c24538d1357d930de934c7c.jpg 168,173,259,319,0
train/0008_0026_JPG.rf.216515f5b2f764d9eefcc851c6fea5fb.jpg 56,142,319,353,0
train/0013_0062_JPG.rf.492891d2555c48c7bf20ef6c6c1f319f.jpg 118,194,282,312,1
train/0008_0058_JPG.rf.5b04cb533b78727d20f8052d310565ea.jpg 162,43,310,235,0
train/0008_0015_JPG.rf.1282dbd48494ea3462bd0e3c229635c7.jpg 84,119,323,369,0
train/0008_0145_JPG.rf.ba8f21c08bcad117ecdd767dcc9f4a76.jpg 121,180,305,332,0
train/0013_0097_JPG.rf.419879ae854725038f5fb85fab4a0c03.jpg 78,185,329,334,1
train/0008_0068_JPG.rf.ad00512c54f71fd79122da8464148335.jpg 126,94,280,231,0
train/0013_0064_JPG.rf.aa6f0fc9844c6383ce447c466a67ef9a.jpg 93,153,299,311,1
train/0008_0024_JPG.rf.bebd963855ba97e1ab014ae3033d6718.jpg 115,177,291,314,0
train/0013_0031_JPG.rf.7c189208d34658fcf5b0461d32d7db4b.jpg 86,154,311,320,1
train/0013_0121_JPG.rf.19b9565489a1f910be078992eca8a3d9.jpg 95,154,329,298,1
train/0008_0120_JPG.rf.0cae3ed58199fb4acffb0ee8704d5390.jpg 105,91,298,279,0 105,91,298,279,0
train/0008_0144_JPG.rf.6dccd4d450d61339a30585fe825fe114.jpg 128,148,260,338,0
train/0008_0103_JPG.rf.933dfb11ae15b7272f1ed90be2784ea9.jpg 110,160,316,346,0
train/0013_0106_JPG.rf.6d5ed7503a31e3ccbfcf4214558d86c8.jpg 91,187,346,326,1
train/0008_0090_JPG.rf.ad4cd38858980e9296052746101f3254.jpg 96,134,353,344,0
train/0008_0093_JPG.rf.341bedfb28dca2c0f38b743a51e84980.jpg 123,191,279,300,0
train/0013_0131_JPG.rf.a22e7e5a16c0a13b9e85e4a8c53e8640.jpg 27,161,346,338,1
train/0008_0069_JPG.rf.addb5c8470880321cca4b17b17d1464d.jpg 131,120,276,233,0
train/0008_0042_JPG.rf.a2e08cb2f2de3be398a8dc867f8523a4.jpg 136,131,291,326,0
train/0013_0041_JPG.rf.482a7e080572c88f6a9330b0ee7f7d23.jpg 50,190,343,316,1
train/0013_0018_JPG.rf.8bb0a6646d928f3d6a4795cf04652d8c.jpg 87,190,351,312,1
train/0013_0187_JPG.rf.b6eadc67d395df4c687c2c2ef9bd6f25.jpg 83,199,346,333,1
train/0013_0216_JPG.rf.dccfdb98fd367c7c41e68120ab737115.jpg 133,187,374,305,1
train/0013_0089_JPG.rf.c2afbe7b386f4f1ca1171b1cbe37a3e4.jpg 106,174,299,289,1
train/0013_0101_JPG.rf.4c691d3f10e092ad7500d2c000ff8caf.jpg 92,120,312,241,1
train/0013_0015_JPG.rf.a70520c5ca77aac516c14333c9338ab6.jpg 144,147,270,370,1
train/0008_0068_JPG.rf.885f1e2c87758a7f101127b44118fcbc.jpg 129,94,281,232,0
train/0013_0093_JPG.rf.0457ec05cf39defc546fdd1de2615aed.jpg 102,54,300,343,1
train/0013_0176_JPG.rf.6eecc0041c7ec9ae554adc3a9f17e4be.jpg 97,151,276,288,1
train/0008_0024_JPG.rf.b1c24cf3a694cb9e049e70b726f1edbf.jpg 125,178,302,314,0
train/0008_0129_JPG.rf.715102957b9249671b8a2eb2b3500f26.jpg 85,132,302,375,0
train/0013_0084_JPG.rf.59bc31e0a4277046acad72d5b8b2ec50.jpg 104,150,334,275,1
train/0008_0133_JPG.rf.4119128cd37c0e8f64b2717a8da87222.jpg 121,183,297,334,0
train/0008_0113_JPG.rf.67411bef51eb2bc9b591f0335a566f63.jpg 98,137,286,283,0
train/0013_0008_JPG.rf.1fd116dcdd2eeb977c873cf926d44d6e.jpg 35,182,354,320,1
train/0008_0040_JPG.rf.610ed8cccdff542ee02748ef8f649242.jpg 120,172,323,309,0
train/0013_0052_JPG.rf.d71e8e73ca2239411e9ad59bafa97689.jpg 99,174,319,331,1
train/0013_0087_JPG.rf.891f449d7feedbf0823358d777d762ee.jpg 104,171,278,270,1
train/0013_0061_JPG.rf.654e79f083b9c53a9162a232652f02d5.jpg 75,188,334,315,1
train/0013_0109_JPG.rf.eb30b76cf967260cd3be7036bc0d7ec6.jpg 136,100,315,249,1
train/0008_0089_JPG.rf.bd87d3b7175b9f27d8610e0db7069d4e.jpg 100,120,304,362,0
train/0013_0112_JPG.rf.347fc31d9dd8c8da2f924e36754bbb12.jpg 136,141,317,256,1
train/0008_0035_JPG.rf.a6e9c6eb5aee3ff73ab77910726db301.jpg 140,127,292,331,0
train/0008_0122_JPG.rf.a0314554675a516b4847837f486a826c.jpg 108,81,353,320,0
train/0013_0040_JPG.rf.15194a44149edc292d286248e0fe58e2.jpg 51,134,360,363,1
train/0008_0014_JPG.rf.73f50c5aeda8f27d79d9ccd96f907f78.jpg 111,156,296,335,0
train/0008_0122_JPG.rf.35c2cbf6b131f0a72806c8ada6e30ac6.jpg 108,81,353,320,0
train/0013_0223_JPG.rf.53e3365377184d87b74ac22498e6712b.jpg 63,173,400,338,1
train/0008_0040_JPG.rf.bbec98bba35453048b5fe4b3fc9c1d8c.jpg 121,172,324,308,0
train/0008_0019_JPG.rf.fea3e49bfd326f44d0b994b675c34fcb.jpg 107,148,317,340,0
train/0013_0090_JPG.rf.8ab94fc32c811daf637b06349ca72d5d.jpg 128,181,329,303,1
train/0013_0231_JPG.rf.478072b3d358f8c85860881a0b10c745.jpg 142,149,292,223,1
train/0013_0111_JPG.rf.57445ab59a64b236ecb53c250816d510.jpg 117,168,310,317,1
train/0008_0128_JPG.rf.456aade2cb98d38791f2a411c074c189.jpg 139,150,286,362,0
train/0008_0102_JPG.rf.e2e2094db2288bacc4179845dd6c0810.jpg 119,170,298,342,0
train/0013_0176_JPG.rf.6d2f5d968a4909f192fe4814110b3faf.jpg 136,154,324,280,1
train/0013_0023_JPG.rf.4d95b54980b5a56bdb7776eb97bf54ed.jpg 107,156,337,349,1
train/0008_0028_JPG.rf.ac4e9a2d3cc1c1b5ba976aa3bcd6d837.jpg 69,135,346,354,0
train/0008_0015_JPG.rf.c890dba203896bbe26eaca378f178c75.jpg 94,117,304,382,0
train/0008_0135_JPG.rf.865515763a8cf0b607976efe29dc2143.jpg 130,177,302,306,0
train/0008_0072_JPG.rf.47de2efc52430f4b2fe5d86484c3097a.jpg 91,109,331,308,0
train/0008_0039_JPG.rf.e1a93edfa58acf8a802b5db6bd78585f.jpg 95,143,359,343,0
train/0008_0053_JPG.rf.c50f105b041eda4abf5e8f3a4eb8136e.jpg 46,139,339,366,0
train/0008_0035_JPG.rf.451e27301b95656d86d82c8cd6c88599.jpg 134,120,264,341,0
train/0008_0084_JPG.rf.050b0c0f9c62c0d1b3abbe79d31d07cb.jpg 136,187,293,312,0
train/0013_0001_JPG.rf.8597be412db78dc76d6942124c471ae5.jpg 27,123,391,297,0
train/0013_0031_JPG.rf.eb9dbf349b245f4ffcfdc0003362d8eb.jpg 93,140,307,321,1
train/0013_0070_JPG.rf.ad2c7aba62e32be1d69a292533fb9aed.jpg 26,145,401,343,1
train/0008_0082_JPG.rf.f0c3b59aa11860351b2fd497e453c783.jpg 93,126,340,359,0
train/0013_0196_JPG.rf.216d326779a1885cbb47408e3f2893e8.jpg 132,186,304,301,1
train/0013_0168_JPG.rf.b1d59b344ab0865d66d217d6eb6acab2.jpg 80,146,356,277,1
train/0013_0164_JPG.rf.df4f5edee6575eedef16d15a373dcbf7.jpg 57,149,342,352,1
train/0013_0216_JPG.rf.93a66c31ac40b3f20ee49a286668c88c.jpg 52,191,287,320,1
train/0008_0062_JPG.rf.93777a7ff586916d20e91e0765dd3329.jpg 111,84,278,260,0
train/0013_0133_JPG.rf.ad3f212375a95b188497064fa7261e78.jpg 85,194,292,298,1
train/0013_0066_JPG.rf.982219568673d19cbad02c9ae2a762e5.jpg 37,110,375,371,1
train/0013_0177_JPG.rf.51e20ba76bdb2adf86fa21cb0926a7e1.jpg 102,157,283,283,1
train/0013_0177_JPG.rf.d269e391e935bb207d08b1c0c0628c68.jpg 88,162,284,273,1
train/0013_0077_JPG.rf.0930bb0f3eaec6d66c05af33e8c60c1e.jpg 78,186,344,312,1
train/0013_0038_JPG.rf.f3f257cf6368280d248a89dcb246a890.jpg 50,164,351,314,1
train/0008_0059_JPG.rf.15811ce9684443c31dee3c8a8d183a19.jpg 143,68,328,248,0
train/0008_0146_JPG.rf.2c1005e4af2123e6028ae950b9328c18.jpg 135,167,286,331,0
train/0008_0085_JPG.rf.60d00e4c489af4d7c7d9910d8305d609.jpg 109,152,303,341,0
train/0013_0153_JPG.rf.6064c8e5ad3b0edbd1afdd1dc29d1855.jpg 40,153,327,329,1
train/0008_0103_JPG.rf.0f880b14d2c676bf63fa7583f15d01f8.jpg 99,160,305,346,0
train/0008_0080_JPG.rf.2a4d2db38e7047c079498c02ecc17429.jpg 86,158,343,325,0
train/0013_0052_JPG.rf.3877d00822dfc379866f4ccda5caf6d9.jpg 99,166,301,344,1
train/0008_0074_JPG.rf.4b4cf9abff1cb79069b136651f8f9513.jpg 92,111,305,324,0
train/0008_0075_JPG.rf.93cf1b7e73b03900decd1eb5075dd908.jpg 116,129,325,260,0
train/0008_0020_JPG.rf.6df441cd9110cc189929362f669de327.jpg 86,144,302,334,0
train/0013_0044_JPG.rf.b770367268aadef4bf04dd4dfc70c54b.jpg 48,172,340,335,1
train/0013_0049_JPG.rf.cfe6d2a70f41ea077d9b4099a05b54e2.jpg 36,138,300,347,1
train/0008_0009_JPG.rf.4c2361c66a5875225a2ffc412ba7c32b.jpg 95,156,316,349,0
train/0008_0131_JPG.rf.e1310a8543f8f1d62dbdb58445ee72ca.jpg 95,136,343,380,0
train/0013_0091_JPG.rf.d42afaca8201c96b39053fe1ef547881.jpg 83,122,305,253,1
train/0013_0124_JPG.rf.d3d963dde64fc99a671617cc02b594ac.jpg 105,192,334,310,1
train/0013_0129_JPG.rf.772aeec99f15825654bdebcc3c8ff046.jpg 102,208,297,303,1
train/0013_0166_JPG.rf.a100e80149417e454ed2f160972b6059.jpg 113,126,313,259,1
train/0013_0002_JPG.rf.f2eeeeef51aaddedd19bb4c6e7569545.jpg 87,173,384,316,0
train/0008_0062_JPG.rf.a365a7b3517be6300773c4d840840d6a.jpg 147,63,264,263,0
train/0008_0025_JPG.rf.2c60c1dc09c0df363e4c0d47d007c9af.jpg 134,190,275,311,0
train/0008_0100_JPG.rf.42997b9560545060bee0daff0d4c473a.jpg 105,158,287,343,0
train/0013_0231_JPG.rf.659a9de4425429ad26bc07392123b52f.jpg 144,151,293,224,1
train/0013_0107_JPG.rf.a0cf3218994e2778435ce568d0321b58.jpg 82,160,325,296,1
train/0013_0213_JPG.rf.99fa847e953ca19898a9dfd8d17eaaed.jpg 104,176,342,295,1
train/0013_0221_JPG.rf.ce5269b721a92d6359b6fee7041f4b7f.jpg 66,202,321,326,1
train/0008_0128_JPG.rf.ab7eed7d58af360d7d8ca03603fd7f38.jpg 124,152,277,361,0
train/0008_0039_JPG.rf.46f08aca762cab1e181881290f00ae1e.jpg 64,148,323,353,0
train/0013_0125_JPG.rf.59daf4b5420d38a5c6665bb5a343fc68.jpg 81,141,338,386,1
train/0008_0028_JPG.rf.8f16d3cd82741592d8ad2ce2428be8f3.jpg 72,141,353,365,0
train/0013_0204_JPG.rf.756bd6cf211c79a01640c49cbd78a15a.jpg 20,111,349,281,1
train/0008_0106_JPG.rf.93fcee98209f36ed6dfc72fefe18549c.jpg 156,126,285,353,0
train/0013_0160_JPG.rf.193f43535c4f1375c45dc4444d86311e.jpg 4,136,313,299,1
train/0008_0076_JPG.rf.abdbc61ce4a0d9705c9dc9d35321e955.jpg 126,94,307,252,0
train/0008_0013_JPG.rf.eb91c1fbd589b259caca28c57184d0a5.jpg 101,179,297,334,0
train/0013_0144_JPG.rf.af5fccc6f52ff21b628036ff04e3b911.jpg 247,183,265,208,1 88,134,333,358,1
train/0013_0051_JPG.rf.a5c5a7d9f1cab5449bdde89ae246fe06.jpg 75,176,390,323,1
train/0008_0088_JPG.rf.9ab4110aebb7a50a66d29eaff562ea97.jpg 90,136,292,354,0
train/0013_0119_JPG.rf.1d6881b41458e4c4ace6b45f771b9844.jpg 30,170,334,317,1
train/0008_0137_JPG.rf.37c3c7832439f371dc1944353bff2a8a.jpg 99,150,313,345,0
train/0008_0017_JPG.rf.1c5b35533e1bc20a1cea1eeebcd722a4.jpg 127,151,297,327,0
train/0013_0068_JPG.rf.9bb2ca61f3bdf427af8072b48c2a9ddb.jpg 58,179,339,332,1
train/0013_0022_JPG.rf.74e6aa6f3053b7fb3f9e704d0a94a42d.jpg 73,154,318,326,1
train/0013_0050_JPG.rf.47a55dffafe21f29d594f82574f8933e.jpg 3,161,390,323,1
train/0008_0045_JPG.rf.4497b46565c19b7a1dc0dada2da870f7.jpg 75,121,359,370,0
train/0008_0109_JPG.rf.72d87949c18b1b3b0a60d33c58e9b4c0.jpg 129,169,287,318,0
train/0013_0221_JPG.rf.cc1dcb975bcfa7df39d69e0321ec718b.jpg 94,202,349,326,1
train/0008_0021_JPG.rf.1ebd73816df9d4d078657dc0d0cf012b.jpg 156,180,258,318,0
train/0013_0035_JPG.rf.7d8c1209509d93bafbd9e5e9a198d29a.jpg 107,196,309,299,1
train/0013_0145_JPG.rf.18557d84def64f8085ee5bcb55ea06ba.jpg 19,145,406,331,1
train/0013_0075_JPG.rf.7fca93a447b1f4894ecade60be46c2d2.jpg 54,175,326,367,1
train/0008_0043_JPG.rf.898b4d51d42a9f7bb4d66552ffc67a8b.jpg 142,159,268,326,0
train/0013_0044_JPG.rf.c1f44002598cffa9b130e643a981c9ae.jpg 51,169,346,334,1
train/0008_0085_JPG.rf.29db7d770b4e8ac2edb0a637217964fc.jpg 116,155,315,340,0
train/0013_0225_JPG.rf.9133280268c13ae0a8d192aaea261ef3.jpg 78,155,412,346,1
train/0008_0032_JPG.rf.226304c34f6c21906e2bc71815396188.jpg 87,148,321,333,0
train/0013_0118_JPG.rf.379d4a8d0fdd2b81ef6ae8c26ec0420c.jpg 96,174,296,313,1
train/0013_0225_JPG.rf.8e43d228bf49101eb5fc413701098ccc.jpg 78,170,416,333,1
train/0008_0052_JPG.rf.1874bbfb2e58a17ee87b7199499ba305.jpg 135,101,334,249,0
train/0008_0106_JPG.rf.7dcd2ef2445e2163ac285681a6145bdd.jpg 142,121,251,360,0
train/0013_0173_JPG.rf.c787221476d97fc50bb48757cc8198b5.jpg 108,119,334,236,1
train/0008_0026_JPG.rf.c67a0868001f267bd3116bbaeb3ddabf.jpg 57,142,322,351,0
train/0013_0101_JPG.rf.18ee851dbfbff380658d0b60df337185.jpg 89,124,311,245,1
train/0013_0018_JPG.rf.ab6400acfb428ad16c5e31aaaa875674.jpg 88,189,351,312,1
train/0013_0171_JPG.rf.291195869ef89c3643d226c9e1f6835c.jpg 98,113,293,257,1
train/0008_0129_JPG.rf.f97ff95497f687f546e8a2bf471a3e87.jpg 98,139,336,374,0
train/0013_0086_JPG.rf.09f72547dabed8d5fe886de10e6025b8.jpg 135,198,310,284,1
train/0013_0183_JPG.rf.1b3ccac4d71ab6b1e2711728cef70fe7.jpg 42,155,388,364,1
train/0013_0063_JPG.rf.03ad99b4fc0257f7bad0d6b9f0293d00.jpg 86,133,331,355,1
train/0008_0047_JPG.rf.9b5d02651a083d7f59a60dc36b4dc212.jpg 127,163,305,327,0
train/0013_0167_JPG.rf.6e3149389c908deb8fd82e0dc7445ca1.jpg 114,177,327,287,1
train/0008_0092_JPG.rf.afbfcd9cc918787c8fd6fe8affbf2f26.jpg 111,182,279,300,0
train/0008_0106_JPG.rf.a505e8ad60001ef0f213d02f138691a2.jpg 128,127,260,352,0
train/0013_0184_JPG.rf.d22bb2cc20d9d67434aff033e48bcafd.jpg 135,190,297,281,1
train/0013_0013_JPG.rf.b2d4fd5a3211b9732fffa93d3e647f9e.jpg 87,203,322,308,1
train/0013_0040_JPG.rf.383089da9bae97fa8b7d3c8a860f7902.jpg 34,148,367,347,1
train/0013_0156_JPG.rf.2f091ed92cb07acaefb2e8fa60c9bd29.jpg 74,149,305,294,1
train/0008_0110_JPG.rf.98f13024a821c0280116a58f1236002d.jpg 120,195,277,320,0
train/0013_0042_JPG.rf.1cb3dbbb45a6ef544001d1fc5d29f911.jpg 117,135,337,326,1
train/0013_0226_JPG.rf.966dc4b61615a2c1b44519d896c88427.jpg 68,142,325,311,1
train/0008_0031_JPG.rf.c7d82ccc528aa16f9fb6fdd3c10955cd.jpg 96,175,289,298,0
train/0013_0148_JPG.rf.4fbc772d5914fce4248857b2e0143b88.jpg 14,134,392,364,1
train/0013_0208_JPG.rf.1b492209c3e49f5d40b0e31ebb69c2cb.jpg 158,123,346,262,1
train/0013_0225_JPG.rf.0755dce0bd179575e94bcd3f7bfc8815.jpg 78,157,415,345,1
train/0013_0042_JPG.rf.8f054f64854806b02647ddb4f753b304.jpg 106,148,339,318,1
train/0013_0125_JPG.rf.e86a697324f69f49af0617d7871c0516.jpg 50,164,342,360,1
train/0008_0130_JPG.rf.bf939c016762f0df1310b7ec6a9d018b.jpg 121,125,320,357,0
train/0008_0023_JPG.rf.a1536e48ed0b5685fc308cffeae3ab5e.jpg 154,199,274,303,0
train/0008_0041_JPG.rf.3c1e5c2abe0bc4c055230cb99b21c87e.jpg 134,197,303,322,0
train/0008_0038_JPG.rf.9005ae899c084a8429f218734e8148fb.jpg 99,116,303,345,0
train/0013_0080_JPG.rf.f8cba0aae4b1de655cf4e22212becc15.jpg 80,144,373,322,1
train/0013_0035_JPG.rf.925b88515ca59b3db5a65a2cd656fcb9.jpg 105,177,278,309,1
train/0008_0075_JPG.rf.762cbe808a12a3199d17b7237ae482af.jpg 88,128,295,259,0
train/0008_0139_JPG.rf.0e6feb584f97b825d53b994009d23ec7.jpg 127,165,291,314,0
train/0013_0175_JPG.rf.e5dd9ee49b73d05df8c1798ab30c9607.jpg 114,171,330,287,1
train/0013_0172_JPG.rf.24d6c19673585727060b75b90bd38b3e.jpg 87,154,324,268,1
train/0013_0109_JPG.rf.c575b658a807ae1ebcb34ca5ff65d587.jpg 147,94,313,253,1
train/0008_0010_JPG.rf.cc8b4298ac92aa4c8a59802848684f81.jpg 131,164,277,315,0
train/0008_0034_JPG.rf.8b6191ef7dfd750b9a4657d4accf377f.jpg 110,157,321,316,0
train/0013_0115_JPG.rf.8732a8635fdb380f5f3f63989678d9ca.jpg 73,131,334,273,1
train/0008_0120_JPG.rf.e87fa546d91aeac2c8e3fcb14e1bfd75.jpg 112,89,297,281,0 112,89,296,281,0
train/0013_0127_JPG.rf.8ed48f6ada9f1ca40127c30b06cd459f.jpg 86,200,303,308,1
train/0008_0081_JPG.rf.e005f4c589341d8adc8b2ec213a7e072.jpg 57,141,368,324,0
train/0013_0046_JPG.rf.52511498b8d9ef24934c5d254f0b0ef8.jpg 124,148,295,322,1
train/0008_0058_JPG.rf.70d385a047ff83a8ee137ff428e1a39a.jpg 116,37,251,237,0
train/0008_0089_JPG.rf.6333edb28edabe128dc0c7d397222e36.jpg 130,100,309,365,0
train/0008_0054_JPG.rf.92eb82c13a3dde9fae4485f119cb0d2d.jpg 101,146,332,320,0
train/0008_0132_JPG.rf.8cb9957dd7f04082d4b741f3898f1433.jpg 90,123,328,357,0
train/0008_0111_JPG.rf.e1e5f67f6a2177e1ea8e2623874c506d.jpg 136,200,262,297,0
train/0008_0136_JPG.rf.81bf05480b939caf7286a36caacdfdb9.jpg 141,147,285,348,0
train/0008_0014_JPG.rf.f9a977f8156ce54b517ac2e44e5adfa0.jpg 107,155,307,333,0
train/0008_0073_JPG.rf.087906f5d46a046ee6721da4ffb5d4c2.jpg 70,71,341,313,0
train/0013_0138_JPG.rf.7d8fd5fe1543244ce7bb9201e6c0ef38.jpg 15,137,396,337,1
train/0008_0108_JPG.rf.cdf06b211b2d1874d27539aaf4b44d53.jpg 113,168,300,333,0
train/0013_0012_JPG.rf.52986cefe0b89c69739d524fb18a4919.jpg 128,69,293,385,1 0,0,416,416,1
train/0008_0060_JPG.rf.71c24c47b374b7faa5b779fa2d47526c.jpg 87,141,339,347,0
train/0013_0054_JPG.rf.03146a9256a9349f47e1633f1aebc299.jpg 157,201,276,278,1
train/0008_0105_JPG.rf.7a863fb7c18c0881e9a5cabe909a78fb.jpg 131,171,288,321,0
train/0013_0093_JPG.rf.741e28df4342d5a0f598e5d5522e647e.jpg 117,51,309,344,1
train/0008_0077_JPG.rf.e70bf601be7000485a29f7dc93fbf7d5.jpg 107,135,358,359,0
train/0008_0094_JPG.rf.846868a5d4772c4392800f11f58f91e1.jpg 103,169,320,303,0
train/0013_0040_JPG.rf.0147f4c4826452f1a66db28397cb6257.jpg 49,141,368,357,1
train/0013_0228_JPG.rf.4ab98a8432752a03deb4032987848371.jpg 95,136,289,249,1
train/0008_0136_JPG.rf.6baf1b7202d00b2d35e14d3e85b08643.jpg 146,131,254,351,0
train/0013_0033_JPG.rf.cd5f343536ccb23d9d9d0ed11c4df0bb.jpg 79,176,315,299,1
train/0008_0093_JPG.rf.9a1f31cec951a0e88eb6f26182a62b11.jpg 134,186,281,307,0
train/0013_0063_JPG.rf.76ad6ae2e0206eeb5efa46c2a3325ff6.jpg 86,129,324,359,1
train/0008_0068_JPG.rf.87cacc721dbf77dfa86efe87f323092d.jpg 137,97,295,227,0
train/0013_0197_JPG.rf.e506cb5f45f242a8ab8bee43b1b2646f.jpg 103,157,312,296,1
train/0008_0014_JPG.rf.05b00ff7f1584d6770529e181c89be5c.jpg 106,155,307,332,0
train/0008_0010_JPG.rf.7e2aa755ba2c0a5bdb878544598f5ee7.jpg 147,160,284,318,0
train/0013_0077_JPG.rf.3005edc05e92bfe320418dba1916c420.jpg 94,175,342,323,1
train/0013_0210_JPG.rf.c10808499329e17a133ee643586d9a03.jpg 100,101,321,226,1
train/0013_0148_JPG.rf.3a28c2c5de0d9e09c3a1c7d5aa0fde87.jpg 10,138,392,359,1
train/0013_0133_JPG.rf.b6179b73bd06c2b09ae2fc5d0c3f8a71.jpg 87,191,293,299,1
train/0013_0113_JPG.rf.9644a457d14f50b6ebcf383ad34e6be9.jpg 142,189,291,265,1
train/0008_0052_JPG.rf.c49c90ff15f8e9c8a38445d2d3ec4025.jpg 136,103,340,250,0
train/0013_0097_JPG.rf.f4cc98210483b3f82aa7b2d3a678f649.jpg 82,168,314,345,1
train/0013_0161_JPG.rf.9b79d5f24309e1c2d2ab18d64386b136.jpg 35,69,397,248,1
train/0008_0115_JPG.rf.e09f53254a3bf29ccb2d801a8f187c9d.jpg 114,150,304,350,0
train/0013_0091_JPG.rf.9a5cbac1ee4d84aefab8f1165e29207a.jpg 83,125,299,254,1
train/0013_0161_JPG.rf.dc76def68700f5472fd654c0d4c01842.jpg 6,71,356,258,1
train/0008_0140_JPG.rf.7ed080b5516a84e238cd89b248517db6.jpg 93,146,322,355,0
train/0008_0101_JPG.rf.ba2964a1fdb9791415e00149105f2c73.jpg 125,109,298,366,0
train/0008_0065_JPG.rf.39324fb7344b0e392ddecd2a584de087.jpg 139,74,309,228,0
train/0008_0133_JPG.rf.f5dc2357d7472d91155afd8d3520f79d.jpg 127,183,299,337,0
train/0013_0150_JPG.rf.c444c817b680d55426931dc3385970cc.jpg 11,146,402,370,1
train/0013_0119_JPG.rf.5b45ee98fc6afc9e51a6279b17f61988.jpg 85,171,397,298,1
train/0013_0128_JPG.rf.3cad375f275ca0715cbc7e32a7ec2ad5.jpg 35,156,371,332,1
train/0008_0123_JPG.rf.77af421168a893465fb5b03ff1802986.jpg 102,168,319,358,0
train/0013_0213_JPG.rf.22aa43c5df6f03cf8aafeaf7fd3d274d.jpg 103,177,340,296,1
train/0008_0054_JPG.rf.c0349813d1921cb5d03f457ca420b437.jpg 95,148,325,325,0
train/0013_0078_JPG.rf.a2108221dfc7a93487341b8c3a8ea3ff.jpg 46,181,346,348,1
train/0008_0013_JPG.rf.de2b8dd6393151d1a18f59f31883c9aa.jpg 115,174,305,336,0
train/0013_0143_JPG.rf.abf263614170033d5ee11d3ac1f5458c.jpg 21,156,387,355,1
train/0013_0167_JPG.rf.98ae6674afb83d8ffc47c88baa410569.jpg 114,177,327,286,1
train/0013_0099_JPG.rf.1b0c1852ebc8679be676fad8985094e1.jpg 72,143,345,298,1
train/0013_0147_JPG.rf.2824410a6fbd92e7860ce335864d4fae.jpg 28,167,404,350,1
train/0008_0034_JPG.rf.d34faa0d3044ca95391387593884b9e5.jpg 108,158,320,315,0
train/0013_0179_JPG.rf.55d56c349b578ed2851eb4ab312e76cd.jpg 108,147,302,295,1
train/0013_0022_JPG.rf.30ec3e8e15573859f5d769965349936d.jpg 107,144,314,348,1
train/0013_0212_JPG.rf.25ced26a4c571f4fa931d7ecaaaa2d8b.jpg 68,126,337,270,1
train/0008_0071_JPG.rf.7500781cf3f79e5f639003d40c853b32.jpg 66,86,306,297,0
train/0008_0028_JPG.rf.a3d51ae2031569fb644a0119634a726c.jpg 72,141,353,365,0
train/0008_0033_JPG.rf.1ed08a72de369b5b4299275a3e8ce677.jpg 97,140,341,375,0
train/0013_0093_JPG.rf.a58a3a5063471b87ecc06b03a88b67f2.jpg 120,46,303,347,1
train/0008_0138_JPG.rf.dc960b373f9b89eded0ae01ca7eaa749.jpg 144,191,280,323,0
train/0013_0122_JPG.rf.302b5180dc664832c23c5c9b8eedeef9.jpg 57,189,313,310,1
train/0013_0118_JPG.rf.ca0999877c2dbf538ac458228c853153.jpg 100,173,295,316,1
train/0008_0045_JPG.rf.6cf51c8d9b7e1c7c409a2484d6e77760.jpg 55,126,355,367,0
train/0008_0140_JPG.rf.a6bd5ead4189c2d7676a32e0f8dca636.jpg 93,146,320,355,0
train/0013_0187_JPG.rf.f7b5e3e26d00746661d17a862667150c.jpg 81,192,329,340,1
train/0008_0079_JPG.rf.ddd2882237f1029d2b97f1b2033de783.jpg 106,169,331,332,0
train/0013_0001_JPG.rf.67e02484ed2a9d74246d4315ed609dfb.jpg 26,119,380,303,0
train/0008_0063_JPG.rf.f461e6a994943e3f6c22de0de2d1a410.jpg 99,105,273,339,0
train/0008_0083_JPG.rf.c6beafa65319f86e27f8841f07bd0520.jpg 118,156,282,334,0
train/0013_0135_JPG.rf.cb0261c027c3a10e5aa11fc5ae43365e.jpg 3,122,393,353,1
train/0008_0102_JPG.rf.755b5f20f7d2c764fff66c19c4db0af3.jpg 99,174,296,337,0
train/0008_0082_JPG.rf.5e98b88bcb625d41b6f1ec4e05c95055.jpg 76,127,327,358,0
train/0013_0029_JPG.rf.11550687df995152c699c5fbe2158208.jpg 111,189,340,329,1
train/0013_0161_JPG.rf.f94af60fc6bc22044616d8a5b5d47eea.jpg 39,69,400,250,1
train/0013_0179_JPG.rf.aeebbbc9da2c40b81d831acd854de42b.jpg 118,150,313,296,1
train/0008_0049_JPG.rf.4568663b615b188f5a0a9a03ea5cc858.jpg 131,186,299,328,0
train/0013_0045_JPG.rf.dcef8e5d4a6014173ff517e493d50220.jpg 15,184,391,337,1
train/0013_0004_JPG.rf.cba3a8312b9c906d1a6e7872d63c83aa.jpg 60,141,363,326,1
train/0008_0117_JPG.rf.f1a0590ac299c4fcee44f233b62f7f6a.jpg 117,113,287,260,0
train/0013_0145_JPG.rf.6e712a5958e7698093e4db72ebdefa91.jpg 13,141,402,334,1
train/0013_0147_JPG.rf.1a9a4d6522decaed8112aca2f07b5ab9.jpg 8,163,386,347,1
train/0008_0035_JPG.rf.a2aef71d57bd9b47b49dc4d0eb8321df.jpg 136,119,263,342,0
train/0013_0127_JPG.rf.9a2d5d81b21aecadc419a60b6426163e.jpg 107,196,325,304,1
train/0013_0197_JPG.rf.bee2a8d2f37ecdf0dfc35f0995a2bbcf.jpg 122,144,305,308,1
train/0008_0130_JPG.rf.73907e6189d2c797dc7d3ace0efd4309.jpg 120,121,286,375,0
train/0008_0070_JPG.rf.ac3bb6da57d0e9680d72e07c8739ed75.jpg 94,42,328,254,0
train/0013_0082_JPG.rf.301df2bd9ffb86b2468aa8419968bc13.jpg 157,190,326,282,1
train/0013_0015_JPG.rf.f2701ffefb33d89ee9296cd4f0d4f3fc.jpg 135,156,305,352,1
train/0008_0098_JPG.rf.31f7d8cca6c50a0b6567ea01528cd491.jpg 111,169,336,327,0
train/0008_0064_JPG.rf.7a1c194ca8af86146f9a3a07934aa493.jpg 97,85,333,287,0
train/0008_0124_JPG.rf.66f1051e586023353ab7ab3021a7930d.jpg 134,149,281,330,0
train/0013_0078_JPG.rf.ea19c31587c79356368698f4793b6aa0.jpg 32,193,343,334,1
train/0013_0224_JPG.rf.721716189355c514c921e0a73446da27.jpg 132,175,258,314,1
train/0013_0021_JPG.rf.f8c20224f2873de1642dbdbbf273e677.jpg 58,195,370,333,1
train/0013_0090_JPG.rf.a5e6c6e3fc28576b77d3c914ab4dc111.jpg 131,178,341,292,1
train/0008_0011_JPG.rf.ca26e6a33ce4a1a0cb9111a5d0097f4a.jpg 94,162,326,335,0
train/0013_0084_JPG.rf.235a02a0d25bdcce15f3d35067df630a.jpg 104,150,334,275,1
train/0008_0077_JPG.rf.dbaa2160e093eef5b262f87388c08858.jpg 97,133,359,355,0
train/0008_0078_JPG.rf.2dd05d0293fe46d358921cc176ca8440.jpg 108,154,293,312,0
train/0013_0013_JPG.rf.2415808bf80084dd11ce92c82950de07.jpg 80,200,312,306,1
train/0013_0088_JPG.rf.12779581714f01c67d4a81b433f39a46.jpg 105,178,274,273,1
train/0008_0026_JPG.rf.cd861942be8c61d74e50ab0d75faaad0.jpg 100,144,360,355,0
train/0013_0141_JPG.rf.5e9b4df787911c9be17322d977635615.jpg 33,161,368,333,1
train/0008_0076_JPG.rf.567d028717bc81cf01d1631a9b5abaed.jpg 131,88,284,261,0
train/0013_0218_JPG.rf.a7adb0485bb0aecfd994a86d96d6b99c.jpg 129,207,356,307,1
train/0013_0131_JPG.rf.9e18cfea4fd716d066f669a46bc692e3.jpg 27,161,346,338,1
train/0013_0146_JPG.rf.1cd53250324f5fb44b0e3fbdf2a91171.jpg 24,151,416,332,1
train/0008_0033_JPG.rf.20fd2154f8ea1c2066ec36c76103c4f7.jpg 64,146,322,373,0
train/0013_0188_JPG.rf.c1744c0fdef5166dcf3e913f77a11ae7.jpg 20,145,369,344,1
train/0013_0051_JPG.rf.78e02659a991672b023dc9a14a6946a0.jpg 41,165,345,337,1
train/0013_0112_JPG.rf.addd75bcb330006018fb793bda7a8b45.jpg 123,147,320,245,1
train/0013_0024_JPG.rf.e6fd12c3f847169bc8cc629e1703d472.jpg 68,164,334,324,1
train/0013_0006_JPG.rf.f4522eda014b26aea6ab7cd60477d8c8.jpg 74,176,335,310,1 87,175,335,310,1
train/0008_0126_JPG.rf.678d77b8e46bcd3d588d903bc4659123.jpg 141,161,332,322,0
train/0008_0067_JPG.rf.0edd117f956c0467a4547ee48c34a7c2.jpg 191,117,253,292,0
train/0008_0096_JPG.rf.0978b7ee988157e9aa00471eebdf4edb.jpg 120,195,268,298,0
train/0013_0153_JPG.rf.533fe358bebfdbc5d53985847858f376.jpg 67,132,317,353,1
train/0008_0090_JPG.rf.d1fb89c1a7de5207f5aae22215dff871.jpg 65,129,321,338,0
train/0013_0107_JPG.rf.c41611ccecf4ed4dcb810d88b9b59596.jpg 87,154,322,297,1
train/0008_0092_JPG.rf.1cb756bc727aa93081b4ffbc9bd0f52a.jpg 119,183,288,303,0
train/0008_0050_JPG.rf.de08bb4d8159de7c68536b3b092ad4f1.jpg 70,155,322,326,0
train/0013_0192_JPG.rf.5e0f0fa1a2822fd08de92cee62400e59.jpg 127,224,323,317,1
train/0008_0037_JPG.rf.84eb6ca3a2e12a603fbff4951ce01e6d.jpg 119,139,302,345,0
train/0013_0143_JPG.rf.d61c353f59d5cf97211347fe7cb9a2b7.jpg 28,157,395,355,1
train/0008_0047_JPG.rf.d89cee85da5ab089c310529345399bf6.jpg 133,156,303,326,0
train/0008_0027_JPG.rf.148e7e2dfd4daa5e24a886bbad9265d9.jpg 139,169,353,365,0
train/0008_0076_JPG.rf.4a093e1200ebcb485689120a42e1ede9.jpg 133,87,284,261,0
train/0013_0003_JPG.rf.4b3000196d0a6a79b7f25e1c0252cd2e.jpg 118,200,318,303,1
train/0008_0139_JPG.rf.c7b7ad7a661b701b31aa8ff398ab83d6.jpg 119,170,285,315,0
train/0008_0051_JPG.rf.213b2f8a3d4b92a41fae40e13cf99521.jpg 127,105,315,265,0
train/0008_0087_JPG.rf.36ae7df6135cb6f23961ea9dff6b7321.jpg 116,88,310,234,0
train/0013_0165_JPG.rf.cb6615e2a5b8080996a4091773c8f77c.jpg 47,156,358,341,1
train/0013_0067_JPG.rf.470ad7e74bce0dbd8db8d6c4b425a29e.jpg 24,147,396,320,1
train/0013_0125_JPG.rf.f1b914d9ef8ef6687cd433a9935e1447.jpg 74,156,353,372,1
train/0008_0097_JPG.rf.de01ceb48d9cd0ed497c59aad7b8117f.jpg 81,161,300,320,0
train/0013_0145_JPG.rf.dd24600dd4eaf19e056ade07160edfaf.jpg 11,143,400,332,1
train/0008_0080_JPG.rf.ef896d2ef8624a3b479fd2b96e340dfe.jpg 84,146,329,321,0
train/0008_0124_JPG.rf.073bf916be832894ee135d44f0444ee6.jpg 124,151,280,327,0
train/0008_0025_JPG.rf.d545808e90826eeaa3941eb031e95b57.jpg 141,193,300,302,0
train/0008_0055_JPG.rf.c0265d423ec1124997008ee106bd5938.jpg 88,162,336,332,0
train/0008_0103_JPG.rf.a988f9439a2614b0917a8922d4eb8d0b.jpg 104,165,344,330,0
train/0013_0094_JPG.rf.867ba9dff905e834c735bc4a31f4684d.jpg 89,184,307,305,1
train/0008_0034_JPG.rf.703953f4c669329e3bb40f73cbaed53d.jpg 97,163,317,304,0
train/0008_0046_JPG.rf.9b5be9a9af7fd8f5837408cf3f2ce0f0.jpg 84,160,287,336,0
train/0008_0143_JPG.rf.18cf3f5177e7f43bf4b6b371dd6bda73.jpg 146,200,268,302,0
train/0013_0184_JPG.rf.b0294c9c0bd124cc949e259e1dc63ee7.jpg 130,193,297,279,1
train/0008_0107_JPG.rf.de01466a2fb7740ed6c62e363ec0e4b3.jpg 110,138,317,341,0
train/0013_0135_JPG.rf.52165f155843b091dcd4da79b908c5f0.jpg 26,112,405,359,1
train/0008_0146_JPG.rf.fe6beb3be1ce36578a75ad806b4368c9.jpg 151,152,272,335,0
train/0013_0208_JPG.rf.4f175345a1d364d6e9f313586e88a327.jpg 152,123,347,257,1
train/0013_0167_JPG.rf.833a907eb5356a263c395fd66faa0e45.jpg 91,181,306,292,1
train/0013_0204_JPG.rf.72533065eff291c3142090e4811450cc.jpg 51,115,396,275,1
train/0013_0013_JPG.rf.1822b65ae7daf8b0206521a2adb614d8.jpg 82,199,316,314,1
train/0008_0100_JPG.rf.cbae61ca9fc45093bcf01b4cb74b8d89.jpg 103,161,291,342,0
train/0008_0048_JPG.rf.91ee5fa717a83a20026f5702b62eaef3.jpg 117,162,283,334,0
train/0013_0010_JPG.rf.0d8a677a08c13b06f91953b193b94a71.jpg 91,212,298,298,1
train/0013_0215_JPG.rf.e0988e6d50b3fcf41afefb653ba8cc69.jpg 80,201,287,316,1
train/0008_0050_JPG.rf.fa2edcae6f1e84d0832cbc69f1e85e7e.jpg 96,140,323,330,0
train/0013_0022_JPG.rf.c50eeb67734ea0730b120dab1df400bb.jpg 93,158,356,313,1
train/0013_0228_JPG.rf.f5919fa60bb791eea2405576ec96d288.jpg 95,136,290,252,1
train/0013_0009_JPG.rf.9edd77b732e61d13d00cc6dfb92ba9e7.jpg 30,162,351,325,1
train/0008_0086_JPG.rf.c9df3e3d7fabca066ba761687776b04f.jpg 121,127,312,363,0
train/0013_0025_JPG.rf.00a881151e737213a7b1b872f890f9f4.jpg 121,122,305,240,1
train/0008_0088_JPG.rf.333d0cd8e35c84cfae5ee0b2f0e9d2a4.jpg 120,139,337,347,0
train/0013_0106_JPG.rf.e22f2087d07f09d7ccd6be98e8ee48ae.jpg 83,186,331,335,1
train/0013_0082_JPG.rf.76700140784d2c278095172247134132.jpg 88,187,255,280,1
train/0013_0077_JPG.rf.ab391d1ebd1b6b1de6e65b5d911fb395.jpg 78,186,344,312,1
train/0008_0083_JPG.rf.0dc969b2a52c05a91767b3f1e1f23b88.jpg 132,160,314,322,0
train/0008_0112_JPG.rf.81161c5b8995157e3d4e3049d44d3424.jpg 89,135,330,337,0
train/0013_0204_JPG.rf.32e466a297dc1e4413ef335abbfadb06.jpg 61,112,397,278,1
train/0008_0131_JPG.rf.0a9ec8dc500bf301ff922cdc05e58984.jpg 73,134,313,381,0
train/0013_0103_JPG.rf.4db41394db8f50b1d0dc300c5f2b0f15.jpg 112,199,331,330,1
train/0008_0071_JPG.rf.0d266ff8b789b8375ae5a27f4d5d4d5f.jpg 65,86,303,296,0
train/0013_0020_JPG.rf.ceaddb4146c3e33d7681ba719ba620e1.jpg 104,206,321,295,1
train/0013_0015_JPG.rf.3526bd6568afd0315a5faf7f96d4616d.jpg 142,148,271,369,1
train/0013_0206_JPG.rf.9c3abf74f7f7c012c3e7afce2cccd0e6.jpg 109,138,341,269,1
train/0008_0086_JPG.rf.3075b8d7a9be7233b98cb8b2d400e8a3.jpg 105,129,307,357,0
train/0008_0057_JPG.rf.7be617f82545eeba10b838d3593d9536.jpg 51,135,328,355,0
train/0008_0049_JPG.rf.50101efeff6d2061dea7d978000eafbb.jpg 128,175,278,331,0
train/0008_0131_JPG.rf.a0f090299fa04d6e4856a439026a9ef5.jpg 78,138,344,374,0
train/0008_0019_JPG.rf.4574e375e3653667fa5c6627bfab82f6.jpg 99,151,318,339,0
train/0008_0060_JPG.rf.e6988dc2ff9c9817be456371867a80bb.jpg 91,135,326,351,0
train/0008_0138_JPG.rf.5b13b751c13e9854d2d80cafb28888c5.jpg 123,194,266,320,0
train/0008_0018_JPG.rf.c77c015d9b10f9b1a95e9968f6fa92aa.jpg 98,155,307,343,0
train/0008_0042_JPG.rf.bc68b6a9c14ac8a2c14e93af37c73e5e.jpg 134,133,293,325,0
train/0008_0122_JPG.rf.2afaf3f36b08e20c4f05e7cde1a36c04.jpg 103,84,356,319,0
train/0013_0066_JPG.rf.36c34814be149a382f50d2fa4d43e50b.jpg 40,110,378,371,1
train/0013_0209_JPG.rf.95e465217915c5be6eaff57dff42f822.jpg 89,127,294,279,1
train/0013_0007_JPG.rf.616b3b85c949f53762e9221256cf5c04.jpg 106,203,338,325,1
train/0008_0016_JPG.rf.783927d9cf67dec2c860426e2be01ff2.jpg 81,136,379,363,0
train/0008_0121_JPG.rf.50610852827855d8e9a209b4bb936fb9.jpg 96,87,338,289,0
train/0013_0219_JPG.rf.edbaa72a5ec89a115686431afee3cbc8.jpg 96,173,321,312,1
train/0008_0137_JPG.rf.e254f40f77def6d701702056ff795a9d.jpg 89,158,316,341,0
train/0008_0036_JPG.rf.2b3f01d59d86f47d587958b788fdf0f0.jpg 101,148,302,336,0
train/0013_0226_JPG.rf.2d5f8d7c5c1f6c70c4099a472dbffc48.jpg 68,141,324,311,1
train/0013_0006_JPG.rf.a7111370fea3cc01c507c5c60e7adfc3.jpg 81,163,327,317,1 81,163,316,316,1
train/0008_0050_JPG.rf.464cb56badace858a00b70afc9255155.jpg 88,142,320,328,0
train/0013_0010_JPG.rf.d1a326a4c2d293700daaf3a824b06478.jpg 92,212,299,298,1
train/0008_0114_JPG.rf.7b56f1a171a0e7a40f4d457786f9eef4.jpg 129,69,286,249,0
train/0008_0087_JPG.rf.ead58dd96978f71fcd6656e70cab0796.jpg 106,90,302,233,0
train/0013_0014_JPG.rf.5a98ae62438f6eaed3c4dc15016097a1.jpg 93,167,321,347,1
train/0008_0142_JPG.rf.5489a86a8dcdb51a18a98850953c6d86.jpg 93,135,322,362,0
train/0008_0074_JPG.rf.8233b3cdabaf6df5b34a4afcd7bbbcc7.jpg 96,109,304,321,0
train/0008_0078_JPG.rf.3c6c9a5afdc49a43109201db4e6b70a3.jpg 118,150,299,312,0
train/0013_0226_JPG.rf.55294b31aeed053bc249f249d4091c39.jpg 74,134,310,315,1
train/0008_0127_JPG.rf.8809565db924241d217c0e509b1e44b1.jpg 125,170,299,329,0
train/0008_0029_JPG.rf.2fd57b7e169f3b005995169d59461e83.jpg 163,142,252,337,0
train/0008_0098_JPG.rf.122e52c040c5a4ae1ac42f12fe244685.jpg 91,173,307,340,0
train/0013_0133_JPG.rf.4665a18c52a37f20efff01f2b229a7b9.jpg 85,194,292,298,1
train/0013_0081_JPG.rf.0cbc2bb16375b3d0e14f18ed7cff77ce.jpg 90,138,330,256,1
train/0008_0104_JPG.rf.bb418735dbd488660ad9256c7c6bbd01.jpg 145,116,246,383,0
train/0013_0089_JPG.rf.5dc77f0b1a5d04b76671236ce85a314e.jpg 100,174,295,288,1
train/0008_0021_JPG.rf.6703f3d417de114b0f0a6953c511e6ab.jpg 156,180,258,318,0
train/0013_0119_JPG.rf.f588f678466edcd0e3034836ae3a25a6.jpg 31,169,334,319,1
train/0013_0148_JPG.rf.7df5997cca42dcb2d734c61c1b98c365.jpg 46,101,382,394,1
train/0013_0026_JPG.rf.6b13903ef5974dc46bf3d04fe1c030eb.jpg 147,155,260,279,1
train/0013_0201_JPG.rf.dc811ff908e9c7d74962366e6ce1cf72.jpg 76,157,315,298,1
train/0013_0103_JPG.rf.f056cb66f447dce7a7677cfe3ba8eda1.jpg 115,196,350,318,1
train/0008_0087_JPG.rf.453059ea1fa7c5469e67a7a179983ba9.jpg 119,86,310,234,0
train/0013_0136_JPG.rf.3218b40fc449da95a8d58a5373ef840e.jpg 59,125,350,339,1
train/0013_0026_JPG.rf.0d6f3fb5a001a72b72c9656b308d6341.jpg 165,159,264,271,1
train/0008_0047_JPG.rf.98ba11810f674f41a88ef7a2834c027e.jpg 110,163,286,327,0
train/0008_0041_JPG.rf.75f77834c7503e1e053128256a9aa24d.jpg 115,191,284,317,0
train/0013_0075_JPG.rf.fd626331a2e1c012b5b2da4d3725adfd.jpg 77,175,358,359,1
train/0013_0210_JPG.rf.11fa58c5ef76b28f4be4ec1fd1306c81.jpg 72,127,311,231,1
train/0013_0007_JPG.rf.9135a81056a7bd1812f0a2843575dcb1.jpg 76,204,308,324,1
train/0008_0030_JPG.rf.1bbb8e5b0f756491e6074271db36e735.jpg 96,163,297,322,0
train/0013_0135_JPG.rf.54372b05d1cecb3c87efbbb1e7ed4d72.jpg 1,124,393,352,1
train/0013_0066_JPG.rf.0d6d253c6b395b8d6ed88299f6d672ea.jpg 31,117,380,362,1
train/0008_0136_JPG.rf.ca3e9e1d3efa372afc9d56dc5fea5f11.jpg 146,142,280,351,0
train/0008_0147_JPG.rf.d383cedbe0cccc23eb64de594ebf6743.jpg 114,162,280,323,0
train/0008_0141_JPG.rf.5b1326d12945f7fd465d6043c7eafd4a.jpg 79,195,284,328,0
train/0013_0075_JPG.rf.40b0a6bc07cd2e01d415f54cb39a0bd8.jpg 54,174,325,368,1
train/0013_0023_JPG.rf.fd97ddc8855940ddba370df39747edd2.jpg 81,154,307,352,1
train/0008_0145_JPG.rf.52bf947fb95c56c1a8ad6113e57620fe.jpg 107,175,295,325,0
train/0008_0105_JPG.rf.99760ea19af137645b8ed445037606c3.jpg 130,179,303,318,0
train/0008_0126_JPG.rf.baff92319bf06608bc0f1d72ab581946.jpg 86,160,272,324,0
train/0013_0070_JPG.rf.6c4a59d5e87c9b9bcf0f62b40afce9ca.jpg 24,156,400,338,1
train/0013_0004_JPG.rf.f2d51c7b0335ab56321c3e2ba172dc7d.jpg 44,156,365,313,1
train/0013_0171_JPG.rf.0a353f5b3513430083ef57e680533546.jpg 123,116,321,256,1
train/0008_0142_JPG.rf.68c9caa8d41b8a2403fbbc2c73fd36dc.jpg 91,136,316,366,0
train/0008_0058_JPG.rf.a83ba3e7ad637688e650db3b25e84fa3.jpg 161,57,324,234,0
train/0013_0219_JPG.rf.f6431beee30fc0e446405eb227a0d470.jpg 87,178,320,310,1
train/0008_0044_JPG.rf.05c50ec15192cff34b12a78751289fe1.jpg 95,122,330,389,0
train/0008_0037_JPG.rf.8d1156fe1c62cafde5eab1db61d38285.jpg 111,141,301,342,0
train/0008_0048_JPG.rf.134848e96ceb7d8dbaa4d8f1a2f73ff9.jpg 111,173,301,325,0
train/0013_0055_JPG.rf.8b5b5e193c813d74869aa51f59fadd61.jpg 82,146,329,326,1
train/0013_0138_JPG.rf.46c77eba504bb1842678cb99128020fc.jpg 18,138,397,340,1
train/0013_0120_JPG.rf.213dacdac164f8ef15c85570e2e77146.jpg 31,146,386,285,1
train/0008_0099_JPG.rf.665298154f7d15600ef59b2f8d6f7232.jpg 97,170,313,310,0
train/0013_0071_JPG.rf.75ec9f6ce72950c515dc5a3714731fde.jpg 125,181,269,313,1
train/0013_0159_JPG.rf.b223b79d331af9e3974d652ae48545e8.jpg 81,144,369,282,1
train/0013_0223_JPG.rf.6ea4d926bf72d44e15e9339bd57a44fc.jpg 62,171,393,343,1
train/0008_0009_JPG.rf.6b175b7068292d7e1d6a89132964ce6a.jpg 113,136,278,357,0
train/0008_0101_JPG.rf.4a119ec7ee15ade0da74aae69bc8bea5.jpg 116,117,306,365,0
train/0013_0151_JPG.rf.61a2c3d84c44f14a03364a047a7ba329.jpg 43,93,377,395,1
train/0013_0007_JPG.rf.a73998bef08d3c1d3a9c32afd25acc1a.jpg 63,201,303,310,1
train/0013_0113_JPG.rf.402a985ace0d668c636ad6dcf251dfd0.jpg 127,190,273,265,1
train/0008_0046_JPG.rf.f05c5ac494f95ca8482dd8ee4909598e.jpg 129,162,335,335,0
train/0008_0083_JPG.rf.5763954f48fde6dde8986e9caf6878a6.jpg 96,162,284,318,0
train/0013_0211_JPG.rf.3bba3426670b051336d66458a3b982bd.jpg 95,109,352,259,1
train/0008_0073_JPG.rf.c089e6add6f2de10557cffe501754cdb.jpg 74,70,344,312,0
train/0008_0044_JPG.rf.938d67571b7bfc4804d65c47565d629f.jpg 28,127,337,351,0
train/0008_0027_JPG.rf.7ce316fd73b739fc472d23ac59039e37.jpg 69,168,295,353,0
train/0013_0203_JPG.rf.486408f74baee13a2ab417f0880a653f.jpg 94,142,357,300,1
train/0013_0120_JPG.rf.824c735513f26e9c7b181335383d9e95.jpg 33,134,384,294,1
train/0013_0230_JPG.rf.2ace50605937130533339be1adef5ce1.jpg 112,104,331,249,1
train/0008_0118_JPG.rf.704fad3149eb4d12d20e185b9072d679.jpg 115,112,274,378,0
train/0008_0144_JPG.rf.391194e2712aa18e8107e5bf047ebb66.jpg 126,161,291,321,0
train/0008_0067_JPG.rf.583dcc30c12baa8482fd5ff164db66df.jpg 185,119,260,284,0
train/0008_0124_JPG.rf.c9d066fe34b5e2eaee9958c203529dad.jpg 127,150,280,328,0
train/0008_0045_JPG.rf.4ae4b78fa771f054666a6c1c721f4e10.jpg 54,125,351,369,0
train/0013_0210_JPG.rf.36f8ccec75a7f4102ccf5e66fa2e5bad.jpg 100,101,321,226,1
train/0013_0156_JPG.rf.bbac8cccb2cca0afc51b6a8fbed0361e.jpg 108,159,355,285,1
train/0013_0207_JPG.rf.d76a29fb10027ebaf094d0f737883acf.jpg 105,137,353,282,1
train/0013_0045_JPG.rf.e733d1402724567395c856aeb56ba9ba.jpg 27,183,403,336,1
train/0013_0158_JPG.rf.8b4f33da32c049747856656692149d3e.jpg 100,120,359,308,1
train/0008_0055_JPG.rf.581d1be8b89131d82c5b3857000cd66e.jpg 79,161,333,327,0
train/0013_0106_JPG.rf.483993e33a01161deda0063e2dfaf547.jpg 71,187,326,327,1
train/0013_0176_JPG.rf.195197c74db029e92e74e67c52375b6f.jpg 109,144,269,302,1
train/0013_0128_JPG.rf.84c416da1e02e5b80797655fd148f37d.jpg 36,160,378,323,1
train/0008_0051_JPG.rf.d8acc0f6d4cb47e1860d5bd7b232b4e0.jpg 110,98,290,262,0
train/0008_0089_JPG.rf.fd863b7e1aeea5f7ffb4e10a1035d6a2.jpg 126,105,310,363,0
train/0013_0062_JPG.rf.2d5bc63a2a0b396463e9d81134d83f80.jpg 112,197,282,308,1
train/0013_0203_JPG.rf.6496db6c2f0eb24a83652fa0cbcd966b.jpg 55,144,323,298,1
train/0013_0209_JPG.rf.9a89cf902ccf4381f0b7f5d0da6a6009.jpg 90,128,294,281,1
train/0008_0143_JPG.rf.1196ae8fa46e3aa2d6ec68de1800f653.jpg 144,200,267,301,0
train/0008_0041_JPG.rf.ff05f5f95df86d95f405cd8527b6481e.jpg 130,188,296,313,0
train/0013_0008_JPG.rf.be8f798bae33ed52c0a92d3fe5a55058.jpg 68,164,377,325,1
train/0008_0139_JPG.rf.a46151f6aafa4b147108b75a4a7b8ace.jpg 129,169,295,315,0
train/0013_0124_JPG.rf.1322cd0d74cd51a6616183adb1a4e667.jpg 89,202,334,311,1
train/0013_0082_JPG.rf.8db1bbcb16177a4f6a91bca8ff763cae.jpg 157,190,326,282,1
train/0008_0135_JPG.rf.ad0f03e5ae7f8ef2a91e4903850979b1.jpg 127,176,302,303,0
train/0013_0150_JPG.rf.fb07f4b48b4ac1a16de227d4d5ee1a16.jpg 14,137,404,368,1
train/0013_0231_JPG.rf.c34979e148e32b6e3685bc363ed3408f.jpg 117,159,263,228,1
train/0013_0003_JPG.rf.dc0bd5c406393ebd253447b7d77ef36c.jpg 86,202,295,296,1
train/0008_0065_JPG.rf.1d731b55d914a5e8bb4734618eef5fc3.jpg 100,76,269,224,0
train/0013_0143_JPG.rf.bf5cee5aba3a579e298e71894d5b8d89.jpg 31,140,392,359,1
train/0013_0166_JPG.rf.aa1fe0ee21dcf3315ceb09f87bcda524.jpg 111,121,311,256,1
train/0013_0096_JPG.rf.a67f979d03e6750d719ee79f7c1743b7.jpg 114,181,300,324,1
train/0008_0108_JPG.rf.1cd65cf061ccb74175418d8312edd190.jpg 119,165,301,332,0
train/0008_0140_JPG.rf.07290d6ea27eefafd1455f7b747b8859.jpg 104,144,321,358,0
train/0013_0151_JPG.rf.42870138a0bed374e22cfc169eff927c.jpg 11,126,382,371,1
train/0013_0188_JPG.rf.6ddb99ce06ace22c400768609298901c.jpg 52,151,406,336,1
train/0008_0082_JPG.rf.4f7edcbdfabebff572cfb6a28e7bc2ff.jpg 68,135,335,349,0
train/0013_0067_JPG.rf.2cd977ac5ceb373152f26d3156ea2260.jpg 27,144,395,321,1
train/0013_0071_JPG.rf.0f5656dc6923516c4eadad7b0eb5fb1f.jpg 152,180,291,316,1
train/0008_0104_JPG.rf.ea61d282cf207e260b6d708b894db130.jpg 158,118,259,384,0
train/0008_0042_JPG.rf.fd02eef60db58dd2c290fb3ea2798f9a.jpg 140,128,289,328,0
train/0013_0002_JPG.rf.0e0a22dcae3a3a4a8abdc9de6e1bc32f.jpg 86,157,341,355,0
train/0013_0035_JPG.rf.ad3b67068be17072b58d2cdcb442f612.jpg 116,193,311,299,1
train/0013_0183_JPG.rf.6c1b8ebc30fc29b386484faefac66dc3.jpg 27,156,369,366,1
train/0013_0029_JPG.rf.09b036d3611f64e74230b868cd68fce2.jpg 110,185,333,336,1
train/0013_0164_JPG.rf.90c928b6071dbefbace010a98c6271c9.jpg 50,156,359,333,1
train/0008_0032_JPG.rf.758f2a17237a51a2ff2980e4ca5ed452.jpg 94,148,328,333,0
train/0008_0056_JPG.rf.b6d3f2f281738aae7376d36ea53fcf61.jpg 100,171,251,278,0
train/0013_0099_JPG.rf.df72d0e330a4b5401f92fe4eeccf6359.jpg 72,143,345,298,1
train/0013_0172_JPG.rf.b93b3695a92cadcc9a6f17626628df27.jpg 88,150,313,277,1
train/0013_0008_JPG.rf.f654ef9223d6df434ef3e8b9f104968f.jpg 60,185,379,319,1
train/0008_0104_JPG.rf.a520fbfaf52a7370a8664e01bf812392.jpg 150,116,247,385,0
train/0008_0112_JPG.rf.49ab13bfd7eeaa3c29b44b7b7952e046.jpg 82,127,318,334,0
train/0008_0075_JPG.rf.2dd9b9858b6720795546b6dd48fc8ec8.jpg 92,127,300,260,0
train/0013_0041_JPG.rf.358476dba5a9ed2605a0c405751c1629.jpg 59,186,346,325,1
train/0013_0087_JPG.rf.378dee1af6baa1063a8e2cbe43ffa8dc.jpg 102,169,277,272,1
train/0013_0006_JPG.rf.b8a97ed9c335c504c1a2dcbc6ad19182.jpg 86,164,334,317,1 98,164,334,316,1
train/0013_0192_JPG.rf.33088b055ef188687ce1508ee5403860.jpg 84,223,282,314,1
train/0013_0088_JPG.rf.bded464832a5a89ee1b1238e2aaec270.jpg 144,177,307,274,1
train/0008_0029_JPG.rf.a9445efdd9909fcd1879d6961bb356f7.jpg 167,141,252,338,0
train/0008_0022_JPG.rf.84e19a0aa1ec3ca7508b496f21119055.jpg 148,191,267,287,0
train/0008_0012_JPG.rf.76bd9ea6955cc45ba6f9100701f7ecf5.jpg 99,148,322,369,0
train/0013_0136_JPG.rf.3419fcc181fcdb9f65da79348327b345.jpg 55,144,363,345,1
train/0013_0150_JPG.rf.d3cfed5f68813aab01ef7119ae3cf759.jpg 7,124,395,373,1
train/0013_0158_JPG.rf.f01f23a3c233d867e8791554538f14de.jpg 57,122,318,306,1
train/0008_0091_JPG.rf.6ba2d2148d53a60b4481530e34355167.jpg 97,96,306,367,0
train/0008_0133_JPG.rf.c35b7d0962e3880ba834956bd83f8452.jpg 116,183,284,338,0
train/0008_0066_JPG.rf.7c0351f1b0443bccf6e9779eb8aed678.jpg 130,47,327,221,0
train/0008_0111_JPG.rf.1c24edc259ae53c9619a57342cc75d48.jpg 150,199,270,296,0
train/0013_0088_JPG.rf.61a6efb5b66922009a6c066243477de7.jpg 142,179,309,273,1
train/0013_0193_JPG.rf.8334555036f1d84e6a0762c29c13a0b0.jpg 139,204,262,266,1
train/0013_0020_JPG.rf.d10acdea0b96e0a0f9a3a94264b52d4e.jpg 101,201,314,298,1
train/0013_0159_JPG.rf.3ef6272f14cb3ccc8b2c4a2a5b70a066.jpg 44,148,335,281,1
train/0013_0079_JPG.rf.fe4c09ae33bc7819d39c852d0ff42305.jpg 31,160,357,307,1
train/0008_0061_JPG.rf.f14eb9be007c5d7a4a68093c4256c92f.jpg 95,94,302,243,0
train/0008_0019_JPG.rf.e0ceb8b466a91159eec2f951aba7084c.jpg 97,155,325,337,0
train/0008_0081_JPG.rf.61027902cceecc2da1450bd28dad16d5.jpg 56,139,358,336,0
train/0008_0109_JPG.rf.304d2cc39283115ace3c46702cb52a13.jpg 123,171,289,313,0
train/0013_0054_JPG.rf.77d777dfb5871d678810b291e8ee110f.jpg 157,198,273,279,1
train/0013_0045_JPG.rf.18deea636df9c8ca0c572eac703c4b15.jpg 26,184,402,336,1
train/0013_0162_JPG.rf.a371a3c7517e3169fdcee08fc491e757.jpg 8,95,366,293,1
train/0013_0100_JPG.rf.7092894b561053ba64e4f3ff95dd0072.jpg 76,100,357,270,1
train/0013_0175_JPG.rf.c2f82157210a2164ca142c5dab014d8d.jpg 110,173,327,281,1
train/0008_0119_JPG.rf.643376e5218c266acf41ba380e93be04.jpg 132,62,281,265,0
train/0008_0120_JPG.rf.1569ae7152c08bd7d7b45e1ccebac265.jpg 117,93,318,275,0 117,93,318,275,0
train/0013_0196_JPG.rf.6bac65979d0888d22b558799bc0a2fe0.jpg 138,182,303,306,1
train/0013_0223_JPG.rf.46b8202a503faf76061e7581a56d84d7.jpg 33,167,352,352,1
train/0008_0099_JPG.rf.6c44d60bf785b6dae90788f079b96fb7.jpg 102,162,299,317,0
train/0013_0081_JPG.rf.d1a6e6e31b6e29cf0398ba644696b82c.jpg 86,141,327,255,1
train/0008_0148_JPG.rf.ef375b9cb18855723181d4a3dc470826.jpg 127,160,286,327,0
train/0013_0017_JPG.rf.6a62eed033df57e4f2e36b10aa9485a0.jpg 120,141,303,354,1
train/0013_0033_JPG.rf.6be3f4d78da6fa671292a4ad9e40925b.jpg 99,165,318,311,1
train/0008_0105_JPG.rf.26b4bdf367ebc2738c63721ff65ce2c1.jpg 117,176,284,319,0
train/0008_0061_JPG.rf.54f3c00417b72edcf2a14a590c28c34d.jpg 113,97,320,242,0
train/0008_0102_JPG.rf.f0e53862050e5b60054064e6619c5117.jpg 119,173,310,339,0
train/0013_0031_JPG.rf.84b923efcd3e7553179e169b0fb06f32.jpg 100,161,331,318,1
train/0013_0004_JPG.rf.7a2a785422a5756ad511517f4257c67c.jpg 64,138,363,330,1
train/0013_0165_JPG.rf.92b22fd6c50a0685657e4d6e37ad3318.jpg 41,158,358,338,1
train/0008_0091_JPG.rf.ce5f4bea79908702a64e497ff61093c3.jpg 93,100,313,366,0
train/0013_0163_JPG.rf.e754a67f7829b6ef83da41efd884a7b9.jpg 56,145,357,333,1
train/0013_0097_JPG.rf.76f99bbe3747b2f1d8d62a7b85906c44.jpg 80,175,321,340,1
train/0008_0148_JPG.rf.39f4a1b00f023e1735323d79b63efc67.jpg 125,161,287,326,0
train/0008_0132_JPG.rf.e863179f8eb36a4c26e4b379dd9a0ce3.jpg 81,125,333,354,0
train/0013_0168_JPG.rf.40a6bb7211f3d28817f1b7c2bc9a79d4.jpg 57,129,325,277,1
train/0008_0096_JPG.rf.8db20eb9bec108de6f2a083056aa3eb7.jpg 129,197,276,301,0
train/0013_0017_JPG.rf.ce9cc886389c4a3ac1ab3fdd1f3d4b7c.jpg 104,159,323,334,1
train/0008_0095_JPG.rf.52cd3eb43ff16def621170b2258cbaf2.jpg 139,184,277,307,0
train/0013_0068_JPG.rf.14a08e00ec235118e61f0e5b61f24659.jpg 52,180,338,328,1
train/0013_0189_JPG.rf.2eb48ae8849afc1ee20d24de5155c444.jpg 93,143,344,275,1
train/0013_0139_JPG.rf.9a14059dea7a32b99b6c0fef3d9b38a2.jpg 10,139,396,354,1
train/0013_0067_JPG.rf.388e5b4da6a85c316f55a48310b8d43d.jpg 18,146,397,314,1
train/0013_0132_JPG.rf.66ec55f0e9217b897251ea8ea9719877.jpg 80,152,370,285,1
train/0013_0129_JPG.rf.45c9e13ddb6c53a387297797d58ef343.jpg 118,208,313,303,1
train/0013_0216_JPG.rf.7d3d47d0076d6a2a4b1bed24796b4ad0.jpg 130,191,368,314,1
train/0008_0130_JPG.rf.033f67968344ed7cd5372b7a0e4adda8.jpg 119,122,294,371,0
train/0008_0043_JPG.rf.7b5c5e598a7bbd06d0c62ce9a4a80bc6.jpg 157,158,269,332,0
train/0008_0013_JPG.rf.65a4346f8a76f7263419fb29f4551006.jpg 91,175,293,328,0
train/0013_0078_JPG.rf.1d47d204e3fd04a45d02c508c1907c4f.jpg 36,190,345,339,1
train/0013_0160_JPG.rf.3f1167f416df6b3f611e5ba2598f04a2.jpg 0,148,325,286,1
train/0008_0079_JPG.rf.4f068f30bc94a8e47089160ef629860b.jpg 86,170,324,330,0
train/0008_0127_JPG.rf.5cdfa07a01a1fdf2309a5145ac4360c8.jpg 117,172,299,325,0
train/0008_0094_JPG.rf.ec0dfe591fb3c4e6cf264a3d8f4e1137.jpg 92,169,311,300,0
train/0008_0063_JPG.rf.38759663a5176791bed5e8e0191bea48.jpg 130,107,322,329,0
train/0008_0054_JPG.rf.3eb2705729c1ee35f06a79b5528fa376.jpg 101,146,332,320,0
train/0013_0207_JPG.rf.7d5c8ce9d85bbd9f85f0371daa1e08c1.jpg 107,132,345,285,1
train/0013_0012_JPG.rf.81ce991bd8cb0c0e76283bc8421b163e.jpg 142,56,268,395,1 0,1,415,414,1
train/0008_0046_JPG.rf.658a98017a7936840b7693b0b7447858.jpg 127,151,302,342,0
train/0013_0132_JPG.rf.7e987921fb934c6fca285a6d72f2719f.jpg 46,149,333,287,1
train/0008_0107_JPG.rf.435e27755508967e7c3dd6504cce8b34.jpg 84,140,312,334,0
train/0008_0113_JPG.rf.5f5feddc4ab005fe953be7d9f65979b8.jpg 128,139,315,280,0
train/0013_0221_JPG.rf.71097b1aa4fa909d5f5b101482785d1f.jpg 92,194,333,332,1
train/0008_0066_JPG.rf.129a51d4678226ac1a9e44a3567db377.jpg 135,47,330,221,0
train/0008_0015_JPG.rf.2d2924ecffb80f380867b77a7d32a4cb.jpg 99,118,318,376,0
train/0013_0179_JPG.rf.b969482df21394b8d1380a283e28b913.jpg 114,148,308,295,1
train/0008_0126_JPG.rf.23464bcf50badf7c09056ac85b3ed00e.jpg 96,155,270,329,0
train/0013_0224_JPG.rf.d6a11657c8985a8a5215a179c6d72033.jpg 129,189,278,302,1
train/0013_0096_JPG.rf.c0f3f4d7a15fec1fbfdcdb16191cbecb.jpg 116,178,305,321,1
train/0013_0026_JPG.rf.ff2a2fed79dc54a4f56a330d9f1fd8bc.jpg 156,163,248,269,1
train/0013_0144_JPG.rf.7fd78e2f5b23048721cd581faaacf27a.jpg 148,191,167,216,1 88,128,330,354,1
train/0013_0168_JPG.rf.2e071e47173c2a23a0223594475bda58.jpg 84,137,359,269,1
train/0013_0184_JPG.rf.2e44669a63dbb7fbb6a51570b16c8d48.jpg 137,188,296,282,1
train/0008_0029_JPG.rf.1cb7a10eaeeb79482aefa06eda0ef5d0.jpg 163,142,252,337,0
train/0008_0098_JPG.rf.c2a0a0b6dd75d909063dd69febc7fad7.jpg 91,173,307,340,0
train/0008_0123_JPG.rf.2f7776e31f0697cc4bf27e8d0691c2a6.jpg 94,167,311,357,0
train/0008_0020_JPG.rf.577d0ee727640f0abac9183904a55b99.jpg 105,135,296,344,0
train/0013_0102_JPG.rf.466c6b0e738ef0831815a6dbbd9ec899.jpg 58,150,382,299,1
train/0013_0211_JPG.rf.aae5d1b819d857a0925caf42b2a01be8.jpg 60,114,307,271,1
train/0008_0084_JPG.rf.6431cb9b05984cead2bf68abf5d43d21.jpg 110,193,272,310,0
train/0013_0009_JPG.rf.9ac7294adebc738b42cc01391e7ee84a.jpg 67,165,398,310,1
train/0008_0011_JPG.rf.a558c3d1ee6a3898c82458195c69b813.jpg 100,156,319,340,0
train/0013_0021_JPG.rf.1f018648e01f21825685336195293603.jpg 46,195,357,333,1
train/0013_0212_JPG.rf.fb85a4e036766ee339f609dba7f39180.jpg 66,128,344,264,1
train/0013_0050_JPG.rf.536ead6bc5d163572cd674b5cbeaed43.jpg 11,147,387,326,1
train/0013_0215_JPG.rf.6c79d5d24fb645c230f106e9421b7188.jpg 123,204,334,317,1
train/0013_0163_JPG.rf.56a8a581b9f395334ead641699a12a4f.jpg 53,149,358,331,1
train/0013_0111_JPG.rf.c473422c5d5e02fca86355da054e2d7c.jpg 114,168,302,325,1
train/0013_0080_JPG.rf.06bd2d038ca62b34c9d665a0dd7d70e6.jpg 39,154,342,314,1
train/0013_0071_JPG.rf.b08a3c4235cceab0f7d7ca14c4470fc3.jpg 130,184,285,301,1
train/0008_0145_JPG.rf.ce16b0ec7d02e46f6455532c934c25e8.jpg 114,178,301,330,0
train/0008_0116_JPG.rf.8495120fe4ccce7aa2bce988ceb8f481.jpg 107,103,258,227,0
train/0013_0046_JPG.rf.ee6d958e36b5af90f0f01ccfc764bcce.jpg 111,166,312,313,1
train/0008_0044_JPG.rf.bae6b2341558e5ef93e7a0ec2f9a9b2b.jpg 61,126,335,362,0
train/0008_0012_JPG.rf.2af4c76ff90be2e2c3b3e13e3da8096a.jpg 91,148,332,364,0
train/0008_0070_JPG.rf.a4f64dab9b0cff3725a5aa0d058f1d5e.jpg 105,34,350,250,0
train/0008_0067_JPG.rf.74dacb8be57496fab29b2d83b446b403.jpg 174,123,268,275,0
train/0008_0107_JPG.rf.f35efbdda8d4510cffba9cca254c8c20.jpg 107,137,308,347,0
train/0008_0049_JPG.rf.fd72aa8b8b79091e664ac2beaa610b35.jpg 131,184,296,329,0
train/0008_0027_JPG.rf.053bfcf06f391e957aa3c3769746afae.jpg 66,168,289,355,0
train/0013_0079_JPG.rf.0c9dfe8e8e5142002a56f9ec74511314.jpg 60,149,363,323,1
train/0013_0211_JPG.rf.c841ef5221e1a4c154bb3271a72e73d9.jpg 98,109,355,263,1
train/0013_0213_JPG.rf.184c9ae567af3ff49ce2a0d0b2a03c98.jpg 104,177,341,295,1
train/0008_0022_JPG.rf.a67bf8e0ea083a91f88dda0c0732e921.jpg 153,177,255,291,0
train/0008_0060_JPG.rf.e5163a65789b93b482b37f3b0e17b2d8.jpg 111,128,328,357,0